id	label	x	y	cluster	weight<Links>	weight<Total link strength>	weight<Citations>
4	*bas comm bank sup	0.562	0.39	3	102	162	5
23	"abadie, a"	-0.9282	-0.3303	1	80	132	7
26	"abbassi, p"	0.6352	-0.1884	3	160	299	6
46	"acemoglu, d"	0.3135	-0.1965	2	759	5142	142
47	"acemoglu, daron"	0.8635	0.1967	3	161	275	4
50	"acharya viral, v"	-0.4727	-0.395	9	188	301	8
51	"acharya, v"	-0.4874	-0.1939	1	701	3303	101
53	"acharya, vv"	-0.2291	0.0967	4	890	8677	231
62	"adams, z"	-0.7153	-0.2315	1	193	343	11
65	"admati, ar"	-0.3508	0.4546	1	116	212	7
68	"adrian, t"	-0.2551	-0.1634	1	822	5066	149
69	"adrian, tobias"	-0.3814	0.0864	1	183	256	5
71	"affinito, m"	0.7901	0.1237	3	260	610	11
73	"afonso, a"	-0.768	-0.243	1	64	111	4
74	"afonso, g"	0.7075	0.3551	3	277	1051	24
80	"agarwal, v"	-0.3909	-0.3227	1	60	151	5
85	"aghion, p"	-0.2138	0.4305	4	187	369	9
89	"aguiar, a"	0.2005	-0.3715	1	90	132	3
92	"aharony, j"	-0.7721	0.1558	1	233	648	16
93	"ahelegbey, df"	-0.1496	-0.6746	7	102	178	7
109	"ahnert, t"	0.9196	-0.3066	2	97	152	4
110	"ahrend, r"	-0.7361	0.2485	1	53	193	7
119	"aikman, d"	0.504	-0.1671	5	254	592	12
121	"ait-sahalia, y"	-0.664	-0.1427	1	191	309	10
122	"aiyar, s"	-0.8137	0.2	1	109	168	4
123	"aizenman, j"	-0.7565	0.148	1	106	148	5
127	"akerlof, ga"	-0.0979	0.5792	4	124	208	5
128	"akhigbe, a"	-0.9354	0.1622	1	113	170	4
143	"albert, r"	0.722	-0.2157	2	375	1298	37
149	"aldasoro, i"	0.7661	-0.1594	3	322	1163	21
161	"alessandri, p"	0.607	0.1515	3	200	433	10
162	"alessi, l"	0.3857	-0.4981	2	149	227	5
164	"alexander, c"	-0.8675	-0.0149	1	147	240	9
177	"allen, f"	0.1053	0.1964	4	938	15401	420
178	"allen, franklin"	-0.3879	0.515	8	124	305	8
179	"allen, l"	-0.4173	-0.1209	1	297	648	16
192	"aloui, r"	-0.896	-0.1943	1	98	144	6
199	"alter, a"	-0.592	-0.2454	1	364	961	28
201	"altman, ei"	-0.0938	0.1383	1	180	335	9
203	"alvarez, f"	0.0173	0.3815	8	132	223	6
206	"alves, i"	1.0174	-0.0455	3	194	513	12
215	"amihud, y"	-0.5416	0.1209	1	217	378	9
218	"amini, h"	1.0011	-0.3043	7	471	3324	104
224	"amundsen, e"	0.5311	0.3653	3	127	211	4
231	"anand, k"	0.995	-0.3431	2	517	3730	79
234	"andersen, tg"	-0.7381	-0.3762	1	113	357	14
241	"anderson, rm"	0.7786	0.3521	3	98	164	4
252	"ang, a"	-0.661	-0.1278	1	349	788	23
255	"angelini, p"	0.3508	0.2426	3	348	953	25
259	"anginer, d"	-0.4639	0.5304	4	91	159	5
266	"annaert, j"	-0.899	-0.2877	1	67	94	4
272	"antonakakis, n"	-0.8117	0.1124	1	164	359	9
274	"anufriev, m"	-0.4822	-0.5427	1	91	141	4
277	"aoyama, h"	0.8635	0.0903	6	111	229	7
279	"apergis, e"	-0.6196	0.6197	4	45	122	2
280	"apergis, n"	-0.6351	0.5344	4	71	478	10
296	"arellano, m"	-0.1821	-0.2568	1	98	142	6
300	"arghyrou, mg"	-0.7809	-0.0709	1	90	155	7
303	"arinaminpathy, n"	1.045	-0.0997	2	290	851	20
312	"arnold, b"	-0.6661	0.4793	4	82	119	3
316	"arora, n"	-0.3984	-0.2375	1	106	159	5
319	"arregui, mn"	0.7804	0.1038	3	139	246	3
326	"artzner, p"	-0.0427	-0.3978	7	206	429	12
330	"asgharian, h"	-1.0253	-0.2134	1	93	132	4
334	"ashcraft, ab"	0.217	0.3072	3	142	247	8
369	"avdjiev, s"	-0.468	0.3948	4	94	126	4
376	"avesani, renzo"	-0.4826	-0.2645	1	99	190	5
380	"avkiran, nk"	-0.4648	-0.9925	9	81	118	3
387	"axtell, rl"	0.7126	0.4679	5	101	161	4
389	"aymanns, c"	0.8081	0.3528	5	151	256	7
391	"azizpour, s"	-0.6195	-0.2797	1	99	182	4
397	"babecky, j"	-0.6339	0.5042	1	53	142	2
399	"babus, a"	0.6749	0.2767	5	311	1160	28
401	"babus, ana"	0.7565	0.2841	3	136	251	5
407	"backus, d"	-0.2044	0.6914	6	118	179	3
411	"bae, kh"	-0.8327	-0.0784	1	359	832	23
413	"baele, l"	-0.8549	-0.0359	1	213	390	11
416	"bagehot, w"	0.1555	0.5031	3	147	226	6
421	"bai, j"	-0.6136	-0.2312	1	188	311	10
426	"baig, t"	-1.0234	-0.0205	1	118	161	5
435	"baker, m"	0.2013	-0.2067	2	79	289	11
439	"bakshi, g"	-0.5526	0.3104	8	64	104	3
451	"bali, tg"	-0.6679	-0.0025	1	88	231	7
460	"balli, f"	-0.8556	-0.1197	1	78	108	4
463	"baltensperger, e"	0.6925	0.7193	3	75	168	3
473	"banerjee, t"	1.1174	-0.7593	7	86	226	6
477	bank for international settlements	0.182	0.1243	3	363	1035	30
478	bank for international settlements (bis)	0.0128	0.0561	5	118	174	5
480	"bank of, england"	0.467	0.6869	6	271	942	21
490	"barabasi, al"	0.8781	-0.2041	2	400	1421	35
491	"baral, p"	1.0171	-0.5332	2	130	260	7
498	"barberis, n"	0.264	-0.0173	2	113	213	7
503	"bardoscia, m"	1.1101	-0.5652	2	356	2105	46
504	"bargigli, l"	1.0377	-0	5	359	1546	27
505	"barigozzi, m"	-0.1372	-0.6657	1	173	334	10
507	"barlevy, g"	-0.3091	0.153	1	101	156	4
518	"barone-adesi, g"	-0.6186	0.6194	4	45	122	2
521	"barrat, a"	0.5406	-0.3199	2	242	501	11
530	"bartelsman, e"	0.5125	0.5311	5	80	140	3
531	"barth, j"	-0.6716	0.1716	1	79	109	5
532	"barth, jr"	-0.7021	0.3732	1	135	452	14
538	"bartolini, l"	0.736	0.7637	3	51	132	2
542	"bartram, sm"	-0.7512	0.1006	1	317	844	19
543	"barucca, p"	1.4011	-0.5162	2	204	749	15
551	basel committee on banking supervision	0.0865	-0.0127	7	461	1808	48
553	basel committee on banking supervision (basel)	0.8096	-0.5062	7	100	174	4
554	basel committee on banking supervision (bcbs)	-0.3061	-0.108	8	212	623	14
555	basel committee on banking supervision (bcbs) & financial stability board (fsb)	0.5785	-0.3896	3	97	140	4
576	"batiz-zuk, e"	0.985	-0.5753	2	135	233	6
579	"battistini, n"	-0.6926	-0.1846	1	89	132	4
581	"battiston, s"	0.7729	-0.2216	2	751	11441	278
585	"baum, cf"	0.0429	0.2659	5	103	138	4
591	"baur, dg"	-0.8807	0.0879	1	165	268	7
592	"bauwens, l"	-0.7981	-0.3832	1	82	174	8
601	bcbs	0.4376	-0.3614	2	346	1688	43
604	"beale, n"	0.692	0.1681	2	280	766	22
606	"beatty, a"	-0.3678	0.0287	1	86	160	4
609	"beaupain, r"	1.6158	-0.0765	2	107	230	5
612	"bebchuk, l"	-0.7392	0.0832	1	63	133	3
613	"bebchuk, la"	-0.4782	0.4222	4	125	208	6
614	"beber, a"	-0.8131	-0.1822	1	107	160	7
615	"bech, m"	0.2848	0.5649	3	111	185	5
616	"bech, ml"	1.0393	0.1285	3	426	2140	51
618	"beck, t"	-0.6975	0.1921	1	332	727	20
633	"beirne, j"	-0.8055	-0.261	1	174	322	13
634	"bekaert, g"	-0.8694	-0.0425	1	402	1872	57
645	"beltratti, a"	-0.7525	-0.48	9	145	218	6
647	"ben-david, i"	0.0106	-0.2078	1	98	155	4
651	"bengtsson, e"	-0.3519	-1.0031	9	88	136	3
653	"benhabib, j"	-0.1384	0.6048	4	75	156	9
656	"benjamini, y"	-0.1159	-0.7077	1	86	250	6
657	"benmelech, e"	-0.7331	0.0549	1	120	176	5
663	"benoit, s"	-0.2397	-0.5095	9	394	1144	28
669	"benzoni, l"	-0.8412	-0.209	1	102	164	3
673	"berg, a"	-0.6964	0.3034	1	117	297	5
678	"berger, an"	-0.6224	0.1081	1	393	1144	27
679	"berger, d"	-0.6291	-0.1573	1	87	133	5
689	"berkowitz, j"	-0.816	-0.283	1	85	169	6
693	"bernal, o"	-0.6696	-0.3335	1	131	210	9
694	"bernanke ben, s"	-0.1004	0.8223	6	100	130	4
695	"bernanke, b"	0.0898	0.5875	4	356	1128	27
696	"bernanke, bs"	0.0249	0.3983	5	432	1309	28
698	"bernardi, m"	-0.8548	-0.4653	1	52	180	8
700	"berndsen, rj"	1.4583	-0.3521	2	103	216	3
701	"berndt, a"	-0.8702	-0.1688	1	81	138	6
704	"bernoth, k"	-0.7051	-0.1141	1	120	170	5
705	"bernoulli, j"	0.6246	0.6628	6	16	75	3
709	"berrospide, j"	1.4711	-0.4605	2	95	173	4
727	"betz, f"	-0.1442	-0.5381	7	190	422	12
738	"bhattacharia, s"	0.1442	0.5569	4	138	225	5
739	"bhattacharya, s"	-0.0812	0.3836	4	238	521	12
744	"biagini, f"	0.9424	-0.7253	7	96	239	7
745	"biais, b"	-0.3076	0.5688	4	82	190	4
771	"billings, m"	-0.3503	0.8203	4	83	180	3
773	"billio, m"	-0.3122	-0.3003	1	762	3715	108
780	"bindseil, u"	0.6153	0.4883	3	110	231	4
784	"birch, a"	0.6566	-0.6843	7	110	198	5
785	"birch, j"	0.4662	-0.8169	2	90	201	3
793	bis	-0.048	-0.1806	7	193	476	14
798	"bisias, d"	0.0363	-0.1037	9	543	1620	38
805	"black, f"	-0.2653	0.3117	1	351	766	22
807	"black, l"	-0.7062	-0.2681	1	159	268	8
813	"blanchard, o"	-0.476	0.1572	1	59	106	7
820	"blanco, r"	-0.8336	-0.2916	1	114	184	8
823	"blasques, f"	-0.0145	-0.2013	3	279	613	13
826	"blavarg, m"	1.0028	0.064	5	172	277	4
827	"blavarg, martin"	0.4254	0.4308	3	123	234	6
832	"blien, u"	0.2829	0.4512	3	111	180	5
842	"bluhm, m"	0.6245	0.1032	3	377	1429	32
845	"blume, l"	0.9945	0.2036	7	264	810	16
849	"blundell, r"	-0.3132	-0.034	1	84	120	4
850	"blundell-wignall, a"	-0.289	0.0285	1	181	277	7
853	"bo, lj"	0.3034	-0.4017	2	52	99	4
854	"boako, g"	-0.9889	-0.2944	1	38	114	6
861	"boccaletti, s"	0.9824	-0.658	2	154	295	8
866	"boginski, v"	0.4368	-0.7912	2	120	351	8
867	"boguna, m"	1.015	-0.2831	2	82	127	6
876	"bollerslev, t"	-0.9625	-0.1276	1	214	596	20
877	"bollobas, b"	0.881	-0.5174	7	186	525	17
879	"bolton, p"	-0.3511	0.2783	4	199	384	12
881	"bonacich, p"	0.3046	-0.3222	3	316	1072	32
884	"bonanno, g"	0.3911	-0.6899	2	155	535	13
891	"bongini, p"	-0.7028	0.1554	1	135	230	7
895	"bookstaber, r"	0.7382	-0.3138	2	242	712	14
901	"boot, awa"	-0.8115	0.3706	1	81	241	7
906	"bordo, m"	-0.273	0.3439	4	142	217	5
907	"bordo, md"	-0.5407	0.4942	1	82	114	3
909	"borgatti, sp"	1.0515	-0.2757	3	259	720	17
913	"borio, c"	-0.0404	0.4666	4	467	1484	29
927	"boss, m"	0.7524	-0.1267	3	637	4732	118
930	"bostanci, g"	-0.9824	-0.2693	1	75	116	4
935	"bouchaud, jp"	1.0512	-0.1958	5	154	364	8
954	"boyd, jh"	-0.8007	0.3327	1	186	328	8
955	"boyd, jp"	1.8283	-0.1294	2	67	198	4
957	"boyer, bh"	-0.567	-0.335	1	95	141	5
963	"boyson, nm"	-0.7045	-0.1378	1	260	491	13
975	"bramer, p"	-0.3412	-0.6866	9	109	167	4
977	"bramoulle, y"	0.7745	0.2357	3	101	173	6
988	"brauning, f"	0.911	0.3292	3	214	601	9
990	"braverman, a"	0.8316	-0.3335	2	104	181	5
992	"bravo-benitez, b"	1.1826	-0.4634	2	119	207	4
1007	"brewer, e"	-0.4311	0.0833	1	133	199	7
1016	"brin, s"	0.4959	-0.3616	3	151	264	7
1026	"brock, wa"	0.6573	-0.0321	5	195	356	6
1033	"brooks, c"	-0.4055	-0.5576	1	115	157	4
1037	"brown, co"	-0.8126	0.0867	1	92	161	6
1045	"brownlees, c"	-0.391	-0.4807	1	354	1033	34
1046	"brownlees, ch"	-0.5796	-0.2356	1	106	144	4
1047	"brownlees, christian"	-0.2525	0.2194	8	82	132	4
1048	"brownlees, ct"	0.0386	-0.1944	5	247	469	9
1055	"brummitt, cd"	1.3314	-0.2254	2	99	202	7
1063	"brunnermeier, m"	-0.4925	0.0295	1	343	814	20
1065	"brunnermeier, mk"	-0.0957	0.0314	4	779	5409	136
1069	"brusco, s"	0.2985	0.199	4	370	946	20
1072	"bryant, j"	-0.4792	0.6894	4	90	175	5
1080	"buch, cm"	-0.5881	-0.2568	1	137	181	5
1092	"buldyrev, sv"	1.0915	-0.4713	2	185	395	9
1100	"burkholz, r"	1.5161	-0.0655	2	66	178	8
1102	"burnside, c"	-0.5487	0.3929	8	28	117	3
1109	"bushman, rm"	-0.5332	0.1015	1	97	216	6
1110	"bussiere, m"	-0.6116	0.3084	1	102	281	6
1122	"caballero, j"	-0.217	0.1857	1	216	417	8
1126	"caballero, rj"	0.1346	0.3844	4	468	1824	40
1127	"cabrales, a"	0.4974	0.0204	3	212	485	13
1128	"cabrales, antonio"	0.5467	0.0308	3	120	207	5
1129	"caccioli, f"	0.7315	-0.2022	2	630	4900	125
1130	"caceres, c"	-0.3914	-0.3709	1	140	191	7
1138	"cai, j"	0.3323	0.2381	4	163	313	9
1143	"cajueiro, do"	0.8832	-0.0243	2	224	515	14
1146	"caldarelli, g"	1.1791	-0.3219	2	251	927	23
1150	"callaway, ds"	0.9413	-0.1234	3	112	189	6
1155	"calomiris, c"	-0.7599	0.3259	1	152	257	6
1156	"calomiris, cw"	-0.3995	0.6141	4	384	1509	46
1158	"calvo, ga"	-0.7174	0.1384	1	252	451	13
1159	"calvo, s"	-1.0023	-0.1597	1	56	111	5
1166	"cameron, ac"	-0.9293	-0.1035	1	84	128	3
1170	"campbell, jy"	-0.6935	-0.0432	1	247	474	13
1178	"canedo, jmd"	0.9001	0.0303	3	176	398	8
1193	"capie, f"	-0.0066	1.0707	6	44	168	3
1197	"caporin, m"	-0.9213	-0.326	1	164	349	11
1199	"cappiello, l"	-0.6511	-0.2707	1	263	462	12
1201	"capponi, a"	0.9308	-0.3106	7	234	810	29
1203	"caprio, g"	-0.7454	0.3859	1	101	217	4
1205	"caraiani, p"	0.3415	-0.8883	2	58	152	2
1214	"carhart, mm"	-0.4645	-0.3005	1	105	158	5
1215	"carletti, e"	-0.5427	0.4264	4	107	173	5
1217	"carlin, bi"	-0.464	0.3176	4	46	111	3
1221	"carlson, m"	-0.0778	0.704	4	55	174	7
1227	"carmona, r"	0.8053	-0.647	7	76	156	5
1229	"carow, ka"	-1.046	0.2627	1	30	147	3
1238	"carter, ck"	-0.7911	-0.4872	1	50	101	4
1240	"caruana, j"	0.0018	0.1318	3	102	137	5
1244	"carvalho, vm"	1.384	-0.5602	2	75	206	2
1259	"castiglionesi, f"	0.7746	0.2525	5	303	949	25
1261	"castren, o"	0.3542	-0.295	2	192	331	6
1281	"cecchetti, sg"	0.1429	0.3147	3	187	301	7
1297	"cepeda, f"	1.4158	-0.3585	3	86	189	4
1304	"cerutti, e"	-0.2381	0.2928	1	196	335	9
1309	"cetina, j"	0.8632	-0.5285	2	126	190	3
1310	"cetorelli, n"	-0.5008	-0.1242	1	158	310	8
1313	cgfs	-0.1249	-0.0187	8	139	200	5
1317	"chakrabarty, bidisha"	-0.4834	-0.2316	1	96	155	3
1335	"chan-lau jorge, a"	-0.6111	-0.2181	1	94	141	4
1338	"chan-lau, j"	-0.0665	-0.1616	8	317	684	16
1339	"chan-lau, ja"	0.0843	-0.2377	2	362	1010	26
1349	"chari, vv"	-0.4537	0.5088	4	145	265	9
1356	"chau, f"	-0.5271	-0.4163	1	94	132	4
1357	"chava, s"	-0.8176	-0.0467	1	210	419	8
1364	"chen, c"	0.9127	-0.2519	7	202	530	15
1367	"chen, cws"	-0.8943	-0.459	1	22	84	3
1369	"chen, h"	-0.1308	-0.2467	1	285	579	13
1370	"chen, j"	-0.7694	-0.1473	1	81	106	4
1373	"chen, k"	0.1635	-0.8438	2	91	128	3
1376	"chen, n"	1.0849	-0.3419	7	138	403	15
1387	"chen, tq"	0.496	-0.3353	2	102	371	15
1393	"chen, yn"	-0.0144	0.2472	4	201	333	9
1397	"cheng, j"	-0.7026	0.2277	1	89	164	3
1402	"cheridito, p"	0.3095	-0.6589	7	55	140	4
1403	"chernenko, s"	-0.3596	-0.9077	9	78	112	2
1406	"chernozhukov, v"	-0.7268	-0.2036	1	52	153	4
1419	"chiang, tc"	-1.0307	-0.1233	1	84	177	7
1422	"chiarella, c"	0.2287	0.372	5	88	156	4
1427	"chin, ww"	-0.5585	-1.1404	9	37	114	2
1429	"chinazzi, m"	0.6186	-0.1614	5	324	998	22
1466	"christoffersen, p"	-0.8884	-0.065	1	142	204	6
1467	"christoffersen, pf"	-0.8671	-0.3653	1	112	173	6
1478	"chung, f"	1.3187	-0.492	7	73	146	6
1487	"cifuentes, r"	0.5084	-0.0117	7	630	3716	97
1488	"cihak, m"	-0.727	0.3629	1	143	202	4
1490	"cimini, g"	1.322	-0.5528	2	248	1674	34
1495	"cirillo, p"	0.5971	0.6399	6	53	209	9
1496	"claessens, s"	-0.7339	0.0021	1	275	568	18
1498	"claeys, p"	-0.7851	-0.3218	1	184	329	9
1503	"clauset, a"	0.9645	0.2062	5	229	628	18
1521	"cocco, jf"	0.8037	0.1651	3	407	1508	34
1523	"cochrane, jh"	-0.3746	-0.338	1	149	223	7
1533	"cohen, lj"	-0.1709	0.0434	1	74	99	3
1535	"cohen, r"	1.2248	-0.2389	2	157	393	9
1538	"cohen-cole, e"	0.8638	-0.1667	3	159	278	6
1540	"colander, d"	0.9631	0.3424	3	121	201	5
1545	"coles, s"	-0.5036	0.1612	8	75	135	3
1549	"collin-dufresne, p"	-0.7062	-0.0743	1	213	421	16
1571	"congdon, t"	-0.0062	1.0738	6	44	114	2
1577	"constancio, v"	-0.5278	-0.3449	1	167	290	9
1578	"constantin, a"	0.5452	-0.557	2	110	154	3
1582	"cont, r"	0.7465	-0.2196	7	629	5237	138
1611	"cornett, mm"	-0.6475	0.2435	1	123	198	6
1619	"corsetti, g"	-0.7351	-0.1626	1	129	246	9
1620	"corsi, f"	0.3426	-0.4725	2	236	567	16
1634	"coval, j"	-0.1611	0.1026	8	121	191	6
1648	"craig, b"	0.9176	0.0386	3	543	3292	76
1650	"craig, br"	0.8782	0.1595	3	111	189	5
1652	"creal, d"	-0.9555	-0.337	1	60	117	5
1681	"cummins, jd"	-0.936	0.0245	1	219	691	18
1685	"curme, c"	0.1984	-0.7926	2	78	122	2
1687	"curry, tj"	-0.7874	-0.0396	1	87	121	3
1696	"d'errico, m"	0.7851	-0.4803	2	115	167	5
1719	"dang, tv"	-0.0171	0.7754	4	80	153	4
1724	"danielsson, j"	0.098	-0.0898	5	384	1636	36
1734	"das, sr"	-0.6423	-0.2502	1	182	350	12
1735	"dasgupta, a"	0.0876	0.191	4	351	998	26
1736	"dastkhan, h"	0.0864	-0.5262	2	70	144	6
1748	"davies, r"	0.1503	0.978	6	87	119	2
1751	"davis, ep"	-0.3491	0.3658	1	195	422	8
1754	"davis, m"	-0.0538	-0.0502	1	161	272	7
1765	"de bandt, o"	0.0517	0.312	6	433	1221	27
1770	"de bruyckere, v"	-0.9369	-0.2904	1	186	333	12
1779	"de grauwe, p"	-0.6236	-0.1496	1	174	288	9
1782	"de haas, r"	-0.7168	0.2234	1	116	267	8
1785	"de jonghe, o"	-0.7318	0.0637	1	291	635	15
1787	"de masi, g"	1.1517	-0.2258	2	307	1295	33
1791	"de nicolo, g"	-0.8579	0.0525	1	248	557	16
1799	"de santis, ra"	-0.8577	-0.1668	1	74	103	3
1802	"de souza, srs"	0.383	-0.4069	2	147	298	9
1803	"de vries, cg"	0.1523	-0.116	5	209	406	9
1805	"deangelo, h"	-0.4365	0.1463	1	61	110	4
1808	"debandt, o"	-0.1791	0.362	4	205	348	9
1811	"dechow, pm"	0.8483	0.2154	3	66	123	3
1814	"dees, s"	-0.3523	-0.4575	1	133	189	5
1823	"degryse, h"	-0.0551	-0.0661	3	334	786	22
1825	"degryse, hans"	0.5317	0.0755	3	446	1629	41
1842	"dell'ariccia, g"	-0.6012	0.1475	1	203	373	12
1853	"delpini, d"	0.9525	-0.2704	5	159	284	6
1854	"demange, g"	1.0077	0.2539	3	89	163	6
1863	"demirer, m"	-0.481	-0.5683	1	166	325	8
1864	"demirguc-kunt, a"	-0.6642	0.2866	1	352	1400	37
1868	"demsetz, rs"	-0.7413	0.1894	1	114	209	6
1889	"desai, m"	0.2355	1.1479	6	81	122	2
1891	"detering, n"	1.2435	-0.5069	7	80	183	6
1910	"deyoung, r"	-0.8918	0.1744	1	159	301	6
1915	"di gangi, d"	1.3824	-0.2765	2	115	220	4
1921	"di matteo, t"	0.2982	-0.8088	2	100	236	4
1925	"diamond, dw"	-0.0652	0.34	4	770	4939	128
1939	"diebold, f"	-0.6898	-0.338	1	103	177	7
1940	"diebold, fx"	-0.6074	-0.3345	1	568	2871	93
1961	"dinger, v"	0.3591	0.5694	3	104	153	4
1969	"djankov, s"	-0.9368	0.2491	1	101	155	3
2000	"dornbusch, r"	-0.8039	-0.1746	1	211	391	14
2003	"dorogovtsev, sn"	1.3462	-0.269	2	144	262	6
2012	"dow, j"	-0.3983	0.764	6	105	135	2
2029	"drehmann, m"	0.305	-0.1619	7	469	1485	32
2030	"drehmann, mathias"	0.1639	0.0794	8	196	345	6
2043	"duan, jc"	0.141	-0.1099	3	213	704	21
2045	"duarte, f"	0.3548	-0.1373	3	190	351	8
2051	"dudley, e"	-0.5868	-0.237	1	97	170	5
2053	"dudley, wc"	0.957	-0.0444	5	142	215	2
2057	"duffie, d"	-0.2291	-0.1065	1	544	2564	77
2059	"duffle, d"	0.0599	-0.0051	3	114	205	7
2061	"dufour, jm"	-0.9802	-0.4732	1	60	135	6
2064	"dumas, b"	-0.5731	0.3255	8	61	103	3
2069	"dungey, m"	-0.9089	-0.2621	1	307	1416	45
2077	"durante, f"	-1.0172	-0.3014	1	29	99	7
2082	"duttagupta, r"	-0.6071	0.2929	1	85	131	3
2089	"easley, d"	0.1906	0.5605	4	116	198	5
2090	"easley, david"	0.9307	0.4204	6	115	192	5
2097	"eboli, m"	0.7277	0.0177	2	117	259	9
2100	ecb	-0.179	-0.136	1	292	591	17
2115	"edwards, s"	-0.9158	-0.0997	1	111	255	9
2123	"egloff, d"	0.2799	0.5709	6	174	343	10
2128	"ehrmann, m"	-0.5986	-0.0863	1	116	188	8
2130	"eichengreen, b"	-0.7132	-0.1404	1	332	691	19
2131	"eichengreen, barry"	-0.5818	0.087	1	83	115	5
2138	"eisenberg, l"	0.6368	-0.1118	7	658	4551	139
2141	"eisert, t"	0.7784	0.3942	3	134	217	3
2157	"elliott, m"	0.4492	-0.1807	7	603	2905	82
2161	"ellul, a"	-0.0336	-0.7766	9	154	271	7
2165	"elsinger, h"	0.5958	-0.243	7	644	5260	129
2166	"elsinger, helmut"	1.1605	0.0334	3	109	176	5
2168	"elyasiani, e"	-1.0949	0.1481	1	71	330	6
2169	"embrechts, p"	-0.3722	0.1497	8	148	250	8
2178	"engle, r"	-0.7468	-0.231	1	392	1006	34
2179	"engle, rf"	-0.8411	-0.2714	1	382	1322	42
2183	"ennis, hm"	0.3445	0.6123	5	133	252	9
2188	"epstein, lg"	-0.4036	0.5192	4	68	146	4
2192	"erdos, p"	1.0449	0.0033	3	248	619	16
2194	"ericsson, j"	-0.8117	-0.0924	1	113	185	6
2199	"erol, s"	0.4814	0.2158	4	120	194	5
2207	"espinosa-vega, ma"	0.6753	-0.0331	8	169	302	5
2211	"estrada, e"	0.4577	-0.4581	2	134	305	11
2212	"estrella, a"	-0.6314	-0.1755	1	125	186	7
2220	"eun, cs"	-0.9878	-0.1133	1	128	231	6
2222	"european banking, authority"	-0.0895	-0.1299	1	163	430	10
2224	european central bank (ecb)	-0.0875	-0.1379	3	98	138	5
2225	"european central, bank"	0.258	0.0683	5	433	1760	38
2229	"european, commission"	-0.6408	0.0904	1	106	162	8
2242	"fagiolo, g"	0.5833	-0.0344	5	271	706	19
2244	"fahlenbrach, r"	-0.8377	0.2099	1	146	300	6
2253	"fama, ef"	-0.4339	0.0806	1	384	1115	36
2255	"fan, jq"	-0.77	-0.4317	1	60	133	4
2265	"farboodi, m"	0.7992	0.3785	3	170	416	9
2267	"farhi, e"	-0.3172	0.3966	4	308	780	20
2271	"farmer, jd"	0.6083	0.3222	5	191	433	13
2278	"favero, c"	-0.7258	-0.1419	1	75	112	4
2279	"favero, ca"	-0.8819	-0.1504	1	91	151	5
2286	"fecht, f"	0.1782	0.3844	3	184	435	11
2289	federal deposit insurance corporation	0.5578	0.5454	3	128	211	6
2295	"federal reserve, board"	0.5108	1.0994	6	69	130	3
2301	"feinstein, z"	1.0822	-0.6698	7	162	951	36
2322	"fernandez, v"	-0.9344	-0.2423	1	82	104	4
2326	"fernando, cs"	-0.7921	-0.0695	1	93	160	3
2329	"ferreira, ma"	-0.5504	-0.0672	1	134	186	5
2340	"fields, ja"	-0.765	-0.0682	1	61	150	2
2353	financial crisis inquiry commission	-0.2224	0.1316	1	128	171	3
2354	financial services authority	-0.118	0.9207	6	73	157	4
2355	financial stability board (fsb)	-0.4648	-0.1023	1	87	196	9
2360	"financial stability, board"	-0.2261	-0.5347	9	287	1155	29
2365	"finger, k"	1.4177	0.0833	2	181	568	14
2368	"fink, k"	0.8652	-0.6567	2	168	354	7
2377	"fischer, t"	0.6794	-0.0286	7	148	287	8
2379	"fisher, i"	-0.1449	0.8129	6	117	170	3
2387	"flannery, mj"	-0.532	0.2467	1	296	922	24
2401	"follmer, h"	0.5635	-0.2864	7	141	314	9
2410	"forbes, k"	-0.908	-0.1244	1	167	333	12
2411	"forbes, kj"	-0.8659	-0.1615	1	465	1444	48
2416	"forni, m"	-0.3211	-0.5912	1	24	120	4
2421	"fostel, a"	0.4737	0.651	6	112	168	4
2432	"fouque, jp"	0.7778	-0.4501	7	241	674	21
2433	"fourel, v"	1.1205	-0.4543	2	114	186	4
2438	"francis, jr"	-0.5016	0.0327	1	22	108	4
2444	"franke, r"	0.58	1.0157	6	77	111	2
2447	"frankel, ja"	-0.0134	-0.1433	2	86	164	4
2454	"fratzscher, m"	-0.6826	0.318	1	170	330	8
2457	"freeman, lc"	0.7221	-0.1121	3	190	390	9
2459	"freixas, x"	0.1805	0.2678	3	751	4572	115
2462	"french, kr"	-0.6292	0.0662	1	161	249	7
2465	"frey, r"	0.2697	-0.0167	6	134	304	9
2467	"fricke, d"	1.1224	0.0317	3	440	2377	55
2473	"friedman, m"	0.3814	0.9954	6	95	231	6
2474	"friedman, milton"	-0.3325	0.7835	4	85	167	5
2477	"frisell, l"	0.5225	0.3311	3	125	207	4
2479	"froot, ka"	-0.337	0.4107	4	106	192	6
2490	fsb	0.3304	-0.2043	8	144	281	5
2497	"fujiwara, y"	0.9417	-0.0505	2	127	264	8
2501	"furfine, c"	0.0861	0.7177	3	109	228	4
2502	"furfine, ch"	0.6071	0.1373	3	640	4165	104
2511	"gabaix, x"	0.4315	-0.1636	5	184	299	9
2513	"gabbi, g"	1.172	0.1602	2	135	272	6
2515	"gabrieli, s"	0.9699	0.3038	3	188	399	9
2519	"gaffeo, e"	1.0683	0.1487	5	180	387	7
2524	"gai, p"	0.6307	-0.0733	2	798	9197	249
2527	"galati, g"	0.1683	0.7839	6	139	192	5
2528	"galbiati, m"	1.1794	-0.2787	2	218	523	7
2530	"gale, d"	0.939	-0.0299	2	183	392	10
2531	"gale, dm"	0.5275	0.2562	3	159	309	10
2533	"galeotti, a"	1.1182	-0.3815	2	124	180	3
2547	"gambacorta, l"	-0.2202	0.2438	1	95	163	4
2553	"gandy, a"	1.175	-0.6768	7	176	577	16
2561	"garas, a"	0.7607	-0.424	2	121	186	6
2574	"garlaschelli, d"	1.0759	-0.4532	2	203	534	17
2575	"garleanu, n"	-0.0464	0.6067	4	107	199	6
2580	"garnier, j"	0.5028	-0.582	7	69	139	5
2582	"garratt, rj"	0.8027	0.0075	3	176	391	8
2586	"gaspar, v"	0.7344	0.7645	3	51	132	2
2587	"gatev, e"	-0.3394	-0.4919	1	130	169	3
2589	"gatti, dd"	0.6698	0.3333	5	292	1128	26
2592	"gauthier, c"	0.4952	-0.131	3	255	736	19
2601	"geanakoplos, j"	0.3596	0.5838	6	336	929	19
2614	"gennaioli, n"	-0.6077	-0.4899	9	154	247	5
2618	"georg, c"	0.5403	0.239	3	127	201	4
2619	"georg, cp"	0.7339	-0.0365	2	598	3202	80
2624	"georgescu, om"	1.0548	-0.1887	3	121	210	4
2636	"gersl, a"	-0.3613	0.4894	4	88	116	3
2640	"getmansky, m"	-0.0472	-0.433	1	116	193	7
2642	"geweke, j"	-0.9155	-0.4939	1	37	105	5
2644	"geyer, a"	-0.6327	-0.2221	1	107	154	5
2659	"giansante, s"	0.6565	-0.2115	5	142	200	2
2663	"giesecke, k"	-0.1875	-0.1656	1	394	1658	47
2665	"giglio, s"	-0.4714	-0.0989	1	254	518	14
2675	"gilson, sc"	-0.5967	0.044	1	89	131	3
2683	"girardi, g"	-0.6816	-0.4334	1	205	463	17
2684	"giudici, p"	-0.16	-0.6547	7	198	489	22
2691	"glasserman, p"	0.5662	-0.3576	7	644	4106	108
2695	"gleeson, jp"	1.5482	-0.3315	2	72	213	12
2699	"glosten, lr"	-0.8789	-0.2631	1	89	127	5
2708	"godley, w"	0.4869	1.1494	6	74	165	3
2712	"goetzmann, wn"	-0.7144	-0.2386	1	93	120	3
2713	"gofman, m"	0.5987	-0.2638	3	229	534	11
2714	"gofman, michael"	0.8553	0.3423	3	78	176	2
2720	"goldsmith-pinkham, p"	-1.0506	0.0994	1	126	177	4
2721	"goldstein, i"	-0.2896	0.4273	4	246	681	22
2722	"goldstein, m"	-0.9627	-0.0647	1	86	126	4
2729	"gomez-puig, m"	-0.7844	-0.2046	1	108	320	11
2745	"goodhart, c"	0.0035	0.6857	6	218	401	11
2747	"goodhart, cae"	-0.2216	0.7018	6	285	642	14
2752	"gordy, mb"	0.4703	-0.3835	2	115	225	7
2757	"gorton, g"	-0.2874	0.3685	4	532	2054	57
2759	"gorton, gb"	0.1647	0.6967	6	285	610	16
2765	"gourieroux, c"	0.1395	-0.2785	7	267	690	24
2768	"goyal, s"	0.9149	0.117	3	202	416	11
2786	"granger, cwj"	-0.5702	-0.5279	1	222	572	18
2792	"gravelle, t"	0.1913	-0.4744	7	96	211	6
2794	"gray dale, f"	-0.479	0.1961	8	70	311	7
2795	"gray, d"	-0.5055	0.1823	8	185	328	9
2796	"gray, df"	-0.1101	-0.1577	5	261	582	9
2797	"gray, j"	-0.0065	1.0749	6	44	114	2
2804	"greene, wh"	-0.5073	0.2366	1	124	174	5
2810	"greenwald, bc"	0.353	0.5107	5	95	260	6
2812	"greenwood, r"	0.581	-0.1933	2	399	1455	37
2824	"grilli, r"	0.8856	0.1447	5	205	457	10
2830	"gromb, d"	0.3549	0.5684	4	92	155	4
2833	"gropp, r"	-0.6148	0.0509	1	384	1150	31
2839	"grossman, sj"	0.0463	0.4449	4	104	188	5
2842	"group of, ten"	-0.9053	0.1146	1	121	156	3
2846	"grundke, p"	0.2359	-0.6836	7	110	222	5
2853	"gualdi, s"	1.263	-0.1762	2	184	478	10
2874	"guo, f"	-1.0113	-0.2085	1	69	102	4
2907	"hair, j"	-0.5597	-1.1404	9	37	114	2
2908	"hair, jf"	-0.553	-1.1237	9	37	364	7
2913	"halaj, g"	0.7458	-0.2021	2	441	2541	51
2914	"haldane andrew, g"	0.1835	0.2447	4	187	328	8
2915	"haldane, a"	0.3873	0.3845	6	329	842	22
2916	"haldane, ag"	0.7464	0.1253	2	629	4344	109
2918	"hale, g"	-0.0494	0.2578	1	350	1087	24
2922	"hall, p"	-0.2794	0.24	8	110	199	6
2930	"hamao, y"	-1.0687	-0.0577	1	126	201	5
2941	"hamilton, jd"	-0.076	0.2276	3	144	219	8
2962	"hansen, lp"	-0.2962	0.6048	4	109	252	8
2963	"hansen, pr"	-1.0059	-0.2557	1	68	104	3
2966	"hanson, sg"	0.1436	0.3679	4	250	492	10
2973	"hardie, wk"	-0.6804	-0.5231	1	121	226	9
2979	"harrington, se"	-1.0451	0.0611	1	110	205	6
2987	"hart, o"	-0.255	0.3804	4	115	211	7
2990	"hartmann, p"	-0.4548	0.1208	1	261	709	23
2993	"harvey, ac"	-0.9559	-0.3557	1	83	119	5
2994	"harvey, cr"	-0.5501	-0.3656	1	87	114	4
3003	"hasman, a"	-0.0356	0.4874	4	188	374	6
3007	"hastie, t"	-0.4963	-0.483	1	106	144	3
3009	"hatchett, jpl"	0.2779	-0.2929	2	130	313	12
3010	"hattori, m"	-0.3124	0.4246	1	144	241	5
3012	"hatzopoulos, v"	1.0739	0.3116	5	94	160	4
3027	"hautsch, n"	-0.3402	-0.5885	1	387	1272	37
3031	"hawkesby, c"	-0.5226	0.2186	1	120	167	4
3036	"hayek, fa"	0.0671	0.916	6	76	102	2
3044	"he, zg"	-0.2951	0.2949	8	154	292	8
3061	"heider, f"	0.5947	0.5173	3	169	369	9
3066	"heinz, ff"	-0.6968	-0.1561	1	91	121	4
3067	"heise, s"	0.48	-0.3929	2	122	213	8
3076	"hellwig, m"	0.0226	0.118	3	162	289	9
3078	"hellwig, mf"	-0.2397	-0	1	159	295	9
3080	"helwege, j"	-0.5601	-0.0162	1	221	532	14
3090	"henseler, j"	-0.5581	-1.1359	9	37	168	3
3096	"hernandez, lf"	-0.9697	-0.0337	1	70	99	4
3102	"herring, r"	-0.1969	0.7614	6	133	208	6
3106	"hertzel, mg"	-0.6893	-0.0545	1	139	367	8
3110	"heston, sl"	-0.6801	0.1303	8	117	223	5
3119	"hill, bm"	0.1401	0.1505	5	126	189	6
3133	"hirtle, b"	-0.4878	-0.8678	9	95	131	4
3140	"ho, tsy"	0.6225	0.5471	3	181	341	7
3146	"hodrick, rj"	-0.3469	0.4353	8	67	129	3
3160	"hoggarth, g"	-0.0019	0.1655	3	127	197	7
3173	"holmstrom, b"	-0.2816	0.5208	4	250	816	19
3179	"hommes, c"	0.5348	0.5904	5	96	193	7
3188	"hong, ym"	-0.4038	-0.6707	1	67	154	4
3189	"honohan, p"	-0.5156	0.1221	1	157	229	5
3207	"hou, kw"	-0.8692	0.2092	1	99	129	2
3208	"houston, jf"	-0.9755	0.2487	1	52	135	3
3210	"hovakimian, a"	-0.8833	0.2151	1	109	155	3
3231	"huang, r"	-0.5795	0.1846	1	132	206	6
3234	"huang, wq"	-0.0728	-0.8227	2	118	219	6
3235	"huang, x"	-0.2767	-0.2824	1	609	2356	64
3236	"huang, xq"	0.9512	-0.1945	2	312	859	20
3256	"hull, j"	-0.1586	-0.0926	1	233	513	14
3258	"hull, john"	-0.2359	0.0666	8	136	213	4
3259	"humphrey, d"	0.276	0.4362	5	110	181	5
3265	"hurd, t"	0.8265	0.8857	6	113	191	5
3267	"hurd, tr"	0.8828	-0.3653	7	287	986	29
3273	"huser, ac"	0.8977	-0.3096	2	304	794	19
3281	"hutton, ap"	-0.5952	0.0405	1	85	117	3
3283	"hwang, h"	-0.5601	-1.1399	9	37	114	2
3289	iais	0.3775	-0.1925	3	86	176	6
3292	"iazzetta, c"	0.833	0.1837	5	187	319	5
3295	"ibragimov, r"	-0.1756	0.0334	1	330	728	18
3309	imf	-0.3162	0.0711	8	234	401	12
3316	"in't veld, d"	0.8744	-0.294	3	342	1241	25
3321	"inaoka, h"	1.2498	-0.1127	3	189	484	13
3322	"inaoka, hajime"	1.0303	0.1559	5	157	235	2
3330	"ingham, g"	0.2351	1.1479	6	81	122	2
3342	international monetary fund (imf)	-0.4303	0.1653	8	146	753	19
3345	"international monetary, fund"	-0.1219	0.1134	1	479	1386	34
3352	"iori, g"	0.8876	0.006	2	592	5244	128
3359	"itkin, a"	0.4721	1.2146	6	43	126	2
3364	"ivashina, v"	-0.3596	0.2179	1	183	420	10
3366	"iyer, r"	-0.1527	0.2313	4	328	883	24
3370	"jacklin, cj"	-0.297	0.6081	4	156	322	8
3373	"jackson, m"	0.5843	0.4338	3	88	176	3
3374	"jackson, mo"	0.709	0.0889	3	444	2161	52
3392	"james, c"	-0.0166	0.3737	3	300	732	17
3402	"janson, s"	1.3624	-0.6233	7	52	184	7
3409	"jarrow, ra"	-0.6007	-0.1548	1	176	443	14
3420	"jensen, mc"	-0.5456	0.2428	1	133	283	7
3430	"ji, q"	-0.9401	-0.5308	1	49	110	5
3439	"jimenez, g"	-0.6664	0.5391	4	114	239	5
3442	"jin, jy"	-0.5509	0.0608	1	58	110	3
3452	"jobst andreas, a"	-0.4991	0.2308	8	51	286	6
3453	"jobst, a"	-0.4433	0.0314	8	94	132	3
3454	"jobst, aa"	-0.546	0.2227	8	111	271	8
3455	"joe, h"	-0.833	-0.2681	1	75	240	11
3460	"johansen, s"	-0.9465	-0.3298	1	82	133	5
3467	"johnson, n"	1.0895	-0.0061	5	152	242	3
3474	"jokipii, t"	-0.3124	0.0249	1	63	100	5
3487	"jorda, o"	-0.7311	0.2733	1	97	154	3
3490	"jorion, p"	-0.5299	-0.1287	1	417	1582	50
3493	"jotikasthira, c"	-0.2924	-0.1391	1	107	159	5
3511	"kacperczyk, m"	-0.5869	0.0532	1	106	219	3
3515	"kahn, cm"	0.144	0.5201	4	66	133	6
3518	"kahneman, d"	0.213	0.2621	5	95	173	6
3527	"kalbaska, a"	-0.8908	-0.3539	1	150	287	9
3529	"kalecki, m"	0.472	1.2138	6	43	126	2
3530	"kalemli-ozcan, s"	-0.9068	-0.0494	1	130	274	7
3531	"kali, r"	0.3243	-0.5859	2	94	139	3
3534	"kallestrup, r"	-0.9285	-0.3994	1	108	200	6
3539	"kambhu, j"	0.618	0.1762	3	144	237	5
3545	"kaminsky, g"	-0.56	0.3532	1	133	180	5
3546	"kaminsky, gl"	-0.8334	-0.0243	1	341	948	28
3548	"kanas, a"	-0.8414	0.1949	1	117	169	5
3550	"kane, ej"	-0.9427	0.3135	1	124	257	6
3555	"kanno, m"	0.6196	-0.3812	3	120	348	14
3566	"kara, gi"	0.6036	-0.1725	7	95	162	3
3567	"karafiath, i"	-0.7374	0.0031	1	86	127	3
3582	"karolyi, ga"	-1.0547	0.1207	1	128	266	5
3593	"kashyap, ak"	-0.2208	0.1207	1	182	329	6
3597	"katz, l"	0.6904	0.0154	3	151	278	6
3600	"kaufman, g"	-0.2255	0.1566	1	184	300	10
3601	"kaufman, gg"	-0.269	0.0626	1	373	827	23
3604	"kaushik, r"	0.472	0.0688	5	174	286	5
3612	"keeley, mc"	-0.7888	0.3652	1	146	221	4
3614	"keen, s"	0.47	1.2082	6	43	244	4
3629	"kendall, mg"	-0.4511	-0.2613	8	145	228	6
3630	"kenett, dy"	0.361	-0.6711	2	210	740	17
3631	"kenourgios, d"	-1.0208	-0.2282	1	56	80	5
3640	"keynes john, maynard"	0.3411	0.952	6	133	209	4
3649	"khandani amir, e"	0.8987	0.3458	3	103	136	2
3651	"khandani, ae"	-0.0162	-0.1643	1	121	216	8
3656	"kho, bc"	-0.897	0.301	1	117	251	4
3660	"khwaja, ai"	-0.7086	0.4656	1	90	143	4
3673	"kim, jb"	-0.5218	0.0452	1	77	190	6
3683	"kindleberger, cp"	-0.1845	0.6015	1	121	205	4
3685	"king, m"	-0.1416	0.8756	6	95	131	3
3686	"king, ma"	-0.9164	-0.1236	1	270	526	14
3701	"kirman, a"	0.6885	0.5628	5	109	178	5
3708	"kivela, m"	1.5185	-0.4732	2	119	222	6
3709	"kiyotaki, n"	-0.0019	0.2727	4	470	1780	45
3720	"kleinberg, jm"	0.5826	0.1203	3	148	253	7
3721	"kleinow, j"	-0.5187	-0.2433	1	82	143	4
3725	"klimek, p"	0.6499	0.0796	5	241	489	10
3731	"klossner, s"	-0.8276	-0.3895	1	96	135	3
3738	"knight, fh"	-0.1617	0.6326	4	52	76	3
3750	"kocherlakota, nr"	0.166	0.942	6	96	154	3
3755	"kodres, le"	-0.6606	0.2314	1	320	654	13
3759	"koenker, r"	-0.6734	-0.3341	1	243	613	25
3772	"kolaczyk, ed"	0.3584	-0.2879	3	92	137	3
3783	"konig, md"	0.7103	0.1768	3	93	172	5
3785	"koop, g"	-0.7735	-0.1779	1	221	440	13
3787	"koopman, sj"	-0.8697	-0.3347	1	89	245	7
3797	"kose, ma"	-0.9326	-0.11	1	70	126	4
3809	"kotz, s"	-0.6958	-0.4528	1	66	116	4
3826	"krause, a"	0.9092	-0.3352	2	276	872	24
3835	"krishnamurthy, a"	0.2733	0.5179	4	202	427	13
3838	"kritzman, m"	-0.3021	0.1808	8	137	256	7
3840	"kromer, e"	0.8124	-0.711	7	85	185	5
3843	"kroszner, rs"	-0.5562	0.3669	1	119	199	6
3847	"krugman, p"	-0.1523	0.2074	1	159	274	8
3850	"kruskal, jb"	0.5409	-0.7338	2	98	139	3
3867	"kupiec, p"	-0.7912	-0.4585	1	103	186	6
3868	"kupiec, ph"	-0.7093	0.2687	4	102	139	3
3882	"kuzubas, tu"	0.343	-0.4923	2	151	251	9
3886	"kyle, as"	-0.3497	0.2202	1	279	558	15
3887	"kyriakopoulos, f"	1.061	0.0713	3	148	265	6
3889	"la porta, r"	-0.863	0.282	1	89	198	4
3893	"ladley, d"	0.5713	0.5932	6	285	717	21
3894	"laeven, l"	-0.4072	-0.0152	1	435	1187	32
3895	"laeven, luc"	-0.4247	0.4787	1	129	188	4
3896	"lagunoff, r"	0.3504	0.1135	3	202	420	8
3906	"lakonishok, j"	-0.1907	-0.3453	1	96	133	4
3921	"lando, d"	-0.5265	-0.297	1	182	352	11
3923	"lane, pr"	-0.562	0.1361	1	154	285	10
3925	"lang, lhp"	-0.734	0.1274	1	239	501	13
3926	"lang, m"	-0.5355	0.068	1	71	99	3
3931	"langfield, s"	1.0407	-0.2013	3	365	1617	38
3944	"lauritzen, sl"	-0.0334	-0.7309	7	94	183	9
3945	"laux, c"	-0.2088	0.4034	4	122	180	4
3949	"lavoie, m"	0.3536	1.1788	6	81	244	4
3956	"lazonick, w"	-0.0072	1.0743	6	44	114	2
3962	"le heron, e"	0.4726	1.2136	6	43	126	2
3967	"lebaron, b"	0.5765	0.5706	5	136	325	9
3972	"ledoit, o"	-0.399	-0.3237	1	87	154	6
3975	"leduc, mv"	0.6774	-0.7485	2	88	174	5
3984	"lee, j"	0.2644	-0.6317	2	97	143	3
3986	"lee, km"	1.3411	-0.3412	2	96	194	7
3992	"lee, sh"	1.1844	-0.1931	2	194	442	11
3997	"lehar, a"	-0.1006	-0.0945	7	334	830	26
4001	"leitner, y"	0.2781	0.2175	3	558	1987	49
4010	"lengnick, m"	0.6496	0.4574	5	116	214	6
4013	"lenzu, s"	0.822	-0.2069	5	322	942	24
4014	"leon, c"	1.1445	0.004	3	269	1142	23
4029	"levine, r"	0.2257	0.5675	5	118	175	5
4031	"levy-carciente, s"	0.4566	-0.766	9	209	527	10
4044	"li, h"	-1.0631	-0.0455	1	49	95	3
4045	"li, hj"	0.8048	-0.7062	2	60	114	6
4058	"li, sw"	0.916	-0.4029	2	147	398	14
4085	"lin, ch"	-0.2166	-0.3061	2	83	137	4
4102	"lipton, a"	0.4691	1.2053	6	43	300	5
4116	"liu, m"	0.5243	-0.1186	7	152	347	11
4133	"lo duca, m"	-0.665	0.0887	1	114	191	5
4136	"lo, aw"	0.0456	-0.1999	1	173	315	6
4140	"loepfe, l"	0.6932	-0.1897	2	99	154	5
4142	"loffler, g"	0.0221	-0.6217	7	99	146	3
4148	"longin, f"	-0.8304	-0.1273	1	212	443	12
4151	"longstaff, fa"	-0.8416	-0.1797	1	394	1325	41
4154	"lopez-espinosa, g"	-0.5217	-0.3941	1	227	618	23
4157	"lorenz, j"	0.7913	0.0675	2	213	467	17
4158	"lorenzoni, g"	-0.2323	0.6422	4	125	261	7
4184	"lubloy, a"	0.5973	0.1793	3	214	478	12
4185	"lucas, a"	-0.7052	-0.4608	1	97	128	4
4208	"lustig, h"	-0.5515	0.3818	8	33	195	6
4210	"lutkepohl, h"	-0.7234	-0.4196	1	109	179	7
4213	"lux, t"	0.8617	0.0629	5	341	1218	26
4240	"madhavan, a"	1.076	0.1456	5	133	193	2
4247	"maghyereh, a"	-1.0288	-0.0643	1	51	93	3
4255	"mainik, g"	-0.6779	-0.5304	1	90	138	7
4269	"mancini, l"	0.0472	0.4133	8	99	144	4
4272	"mandelbrot, b"	0.1885	0.3834	5	113	192	5
4290	"mantegna, rn"	0.4322	-0.715	2	188	534	15
4316	"markose, s"	0.6951	-0.2224	2	401	1420	39
4317	"markose, sm"	0.7492	0.0661	3	262	591	11
4319	"markowitz, h"	0.2335	-0.1701	2	236	480	14
4323	"marotta, l"	0.575	-0.6833	2	113	183	4
4334	"marshall, aw"	0.5597	1.022	6	95	149	4
4344	"martin, r"	-0.0074	1.0738	6	44	114	2
4351	"martinez-jaramillo, s"	0.8266	-0.0492	3	496	2126	47
4364	"masson, p"	-0.8636	-0.1749	1	84	115	4
4366	"mastrandrea, r"	1.1009	-0.5472	2	145	298	6
4367	"mastromatteo, i"	1.2771	-0.3041	5	180	368	8
4384	"may, rm"	0.8485	-0.1964	2	493	2653	69
4404	"mcguire, p"	-0.4095	-0.0499	1	140	203	7
4412	"mcleay, m"	0.5414	0.994	6	110	163	3
4416	"mcneil, a"	-0.8238	-0.2027	1	170	260	8
4417	"mcneil, aj"	-0.0064	-0.3581	8	98	159	5
4427	"mehrling, p"	0.491	1.0546	6	71	100	2
4436	"memmel, c"	0.8569	-0.1244	3	200	474	13
4440	"mendoza, eg"	-0.9559	-0.0361	1	137	244	7
4445	"menkhoff, l"	-0.349	0.4424	8	66	130	4
4449	"mensi, w"	-0.8876	-0.3541	1	93	174	9
4454	"merler, s"	-0.581	-0.2082	1	98	123	4
4463	"merton, rc"	-0.2287	0.0194	1	604	2442	72
4484	"milgram, s"	0.7783	0.0323	3	102	149	3
4492	"miller, re"	-0.6584	0.1865	1	93	124	3
4495	"milne, a"	-0.1947	0.7277	6	92	123	3
4502	"minca, a"	0.7802	-0.2636	7	81	229	8
4505	"mink, m"	-0.7527	-0.2983	1	94	125	4
4507	"minoiu, c"	0.0901	-0.0036	3	474	1565	38
4508	"minsky hyman, p"	0.1764	0.8279	6	181	293	6
4509	"minsky, h"	0.2641	0.7857	6	132	185	6
4510	"minsky, hp"	0.5483	0.9519	6	117	291	7
4518	"mishkin, fs"	-0.1527	0.4047	6	283	494	14
4523	"mistrulli, pe"	0.5477	-0.0663	3	551	2401	56
4526	"mitchell, m"	-0.2332	-0.2795	1	170	303	7
4550	"molina-borboa, jl"	1.3972	-0.3729	2	147	257	3
4553	"molyneux, p"	-0.4462	-0.0433	1	92	115	4
4562	"montagna, m"	1.2125	-0.1655	2	340	1376	25
4566	"moore, bj"	0.3146	1.1694	6	81	184	3
4577	"morck, r"	-0.811	0.1225	1	118	168	4
4582	"morgan, dp"	-0.5895	0.1144	1	202	363	10
4588	"morris, s"	0.0219	0.2186	4	314	918	29
4589	"morris, stephen"	0.1475	0.0079	7	132	249	7
4591	"morrison, ad"	-0.7047	0.2154	1	123	204	7
4596	"moshirian, f"	-0.7153	-0.0167	1	156	283	9
4599	"motter, ae"	1.3254	-0.2221	2	74	127	4
4615	"muller, j"	0.6133	0.1929	3	339	963	22
4640	"musmeci, n"	0.8743	-0.7051	2	239	791	15
4643	"myers, sc"	-0.0197	0.6988	4	95	163	4
4652	"nagurney, a"	0.5501	-0.1209	3	110	170	6
4673	"nautz, d"	0.7312	0.7592	3	51	195	3
4684	"nelsen, rg"	-0.9168	-0.068	1	122	175	5
4685	"nelson, db"	-0.9076	-0.2276	1	139	349	12
4692	"newey, wk"	-0.7801	0.0315	1	108	171	6
4694	"newman, m"	0.9575	-0.1162	3	207	487	13
4696	"newman, mej"	0.6561	-0.2668	2	452	2040	56
4697	"neyer, u"	0.654	0.5098	3	76	192	4
4711	"nier, e"	0.6827	-0.019	3	711	5124	136
4713	"nijskens, r"	-0.407	-0.1731	1	126	175	6
4727	"norden, l"	-0.74	-0.1971	1	130	188	7
4729	"northern, rock"	-0.0066	1.0653	6	44	270	5
4750	"obstfeld, m"	-0.6999	0.2428	1	113	169	5
4755	oecd	-0.5155	-0.0306	1	98	138	7
4759	"oet, mv"	-0.5112	-1.0098	9	86	187	4
4761	office of financial research	0.7247	0.6393	6	104	221	5
4770	"ohara, m"	-0.108	-0.0096	1	119	149	4
4793	"ongena, s"	-0.6224	0.2092	1	189	349	7
4795	"onnela, jp"	0.4446	-0.6803	2	196	710	22
4838	"page, l"	0.8041	-0.0247	3	110	182	4
4841	"pais, a"	-0.6686	0.0692	1	112	152	4
4846	"paltalidis, n"	0.305	-0.5358	2	192	322	11
4848	"pan, j"	-0.9113	-0.3434	1	104	186	7
4861	"papadimitriou, t"	0.126	0.1618	4	125	182	5
4868	"park, j"	0.1454	-0.5211	2	96	162	6
4881	"pasquariello, p"	-1.0148	-0.023	1	87	125	3
4883	"pastor, l"	-0.6191	-0.0837	1	115	160	4
4884	"pastor-satorras, r"	0.9138	0.3961	2	200	477	14
4885	"patro, dk"	-0.6455	0.1169	1	100	153	5
4888	"patton, aj"	-0.8113	-0.2618	1	130	250	8
4902	"peek, j"	-0.6846	0.2755	1	125	289	9
4903	"pegoraro, s"	1.0139	0.0204	5	140	220	3
4906	"pelizzon, l"	-0.8136	-0.3401	1	81	112	4
4909	"peltonen, ta"	0.422	-0.6087	2	260	614	13
4921	"pericoli, m"	-0.8521	-0.3235	1	92	128	5
4923	"perotti, e"	-0.4748	0.3095	8	70	168	4
4934	"pesaran, hh"	-0.8692	-0.3229	1	162	319	11
4936	"pesaran, mh"	-0.9582	-0.3574	1	108	191	7
4938	"petersen, ma"	-0.404	0.1134	1	130	260	11
4950	"philippon, t"	-0.0361	0.7144	4	80	230	6
4953	"phillips, pcb"	-0.5894	-0.4555	1	93	134	4
4954	"phylaktis, k"	-1.037	-0.1374	1	63	106	4
4957	"pickands, j"	-0.4874	0.118	8	86	156	4
4986	"podobnik, b"	0.7073	-0.4645	2	94	152	7
4992	"poledna, s"	0.8895	-0.4116	2	382	1828	43
4999	"poole, w"	0.7616	0.628	3	98	168	3
5000	"poon, sh"	-0.6535	-0.0254	8	171	315	10
5003	"popov, a"	-0.9376	-0.0077	1	99	141	4
5021	"pozzi, f"	0.2158	-0.7904	2	130	292	6
5051	"pritsker, m"	-0.3217	0.2112	4	184	299	6
5053	"propper, m"	0.7271	-0.0291	3	167	308	6
5059	"puhr, c"	0.7654	0.0638	3	137	238	6
5063	"pukthuanthong, k"	-1.0626	-0.1296	1	81	129	5
5065	"puliga, m"	0.9428	-0.4518	2	209	409	7
5104	"rajan, rg"	-0.052	0.2174	5	216	391	9
5133	"ratnovski, l"	-0.6893	0.3527	1	121	226	5
5142	"reboredo, jc"	-0.9257	-0.2961	1	101	286	14
5150	"reinhart, c"	-0.7534	0.3334	1	134	192	3
5151	"reinhart, cm"	-0.4605	0.3836	1	380	1011	28
5163	"resta, m"	-0.6373	-0.4766	1	18	96	4
5171	"riccetti, l"	0.7701	0.3884	5	177	299	5
5174	"richter, nf"	-0.5598	-1.1395	9	37	114	2
5182	"rigobon, r"	-0.6891	-0.1087	1	183	329	10
5186	"ringle, cm"	-0.559	-1.1393	9	37	114	2
5205	"rochet, jc"	0.0153	0.4793	4	574	2450	60
5213	"rodriguez, jc"	-0.9604	-0.0816	1	145	206	6
5214	"rodriguez-moreno, m"	-0.6163	-0.185	1	127	180	6
5226	"rogers, lcg"	0.8183	-0.3256	7	360	1397	42
5244	"rose, ak"	-0.4549	0.3287	1	82	137	4
5252	"ross, sa"	-0.7265	-0.0564	1	158	281	8
5263	"roukny, t"	1.064	-0.2621	2	354	1507	34
5299	"sachs, a"	0.794	0.1325	3	206	418	11
5319	"saldias, m"	-0.5287	-0.356	1	105	136	4
5334	"samuelson, p"	0.2361	1.1482	6	81	122	2
5340	"sandoval, l"	0.1366	-0.6465	2	145	281	7
5346	"santos, eb"	0.406	0.0383	3	120	184	5
5350	"saracco, f"	1.0718	-0.7245	2	85	176	5
5356	"sarlin, p"	-0.5553	-0.4153	1	61	244	10
5359	"sarstedt, m"	-0.5572	-1.1356	9	37	168	3
5362	"saunders, a"	-0.9082	0.1602	1	177	326	9
5388	"schiavo, s"	0.4598	0.2747	5	91	143	4
5412	"schnatz, b"	-0.6348	0.5037	1	53	142	2
5414	"schoenmaker, d"	-0.5517	-0.2743	1	121	269	7
5422	"schuermann, t"	-0.044	-0.0794	1	106	155	5
5424	"schularick, m"	-0.3309	0.7704	6	107	174	4
5432	"schumpeter, ja"	0.4492	1.0393	6	109	212	4
5443	"schweitzer, f"	0.6556	-0.0526	2	308	891	25
5445	"schwert, gw"	-0.6683	0.1712	1	65	117	4
5453	securities and exchange commission	-0.3289	-0.3483	1	21	189	7
5454	"sedunov, j"	-0.389	-0.4324	1	114	166	4
5459	"segoviano, m"	-0.3496	-0.2524	1	250	427	12
5467	"sensoy, a"	1.2271	-0.4615	2	83	169	5
5471	"serguieva, a"	1.5709	-0.6428	2	29	133	11
5473	"serrano, ma"	0.5278	-0.5044	2	83	167	6
5474	"serri, m"	1.4609	0.0363	2	89	164	3
5490	"shahzad, sjh"	-0.9448	-0.2935	1	67	92	5
5498	"shapley, ls"	0.2501	-0.5315	7	132	384	11
5503	"sharpe, wf"	-0.6322	-0.3077	1	64	93	4
5508	"sheldon, george"	0.7172	0.2897	3	319	945	23
5520	"shiller, rj"	-0.0689	0.1946	1	207	431	12
5526	"shin, h"	0.8552	0.2259	3	167	330	6
5527	"shin, hs"	0.2048	0.4003	6	441	1587	43
5534	"shleifer, a"	0.0556	0.2457	4	546	2054	44
5550	"siebenbrunner, c"	0.7136	-0.4496	7	109	159	3
5551	"sieczka, p"	0.6756	-0.2914	5	146	222	3
5556	"silva, tc"	0.7836	-0.5081	2	272	1567	52
5568	"simon, ha"	0.41	0.4231	5	103	185	5
5571	"sims, ca"	-0.544	-0.5424	1	155	323	9
5574	"singh, m"	0.2652	0.547	4	90	139	5
5577	"sinha, s"	0.6125	0.1155	3	59	166	4
5591	"sklar, m"	-0.8239	-0.3148	1	66	97	4
5594	"slijkerman, jf"	-0.5557	0.0215	1	70	119	4
5595	"slovin, mb"	-0.873	0.1109	1	189	494	11
5596	"smaga, p"	1.1486	-0.6239	2	97	188	6
5614	"snijders, tab"	1.4389	0.0261	3	81	144	4
5626	"solnik, bh"	-0.8718	0.1767	1	125	178	4
5629	"solorzano-margain, jp"	1.2084	-0.2566	2	151	259	4
5638	"soramaki, k"	1.0441	-0.1145	3	514	2923	75
5640	"sordi, s"	1.0719	-0.023	5	117	172	3
5645	"sornette, d"	0.5213	0.3734	5	174	403	16
5649	"souza, srs"	0.7197	-0.5215	2	93	183	6
5655	"spelta, a"	0.0664	-0.526	7	89	122	4
5657	"spiliopoulos, k"	0.5399	-0.6391	7	47	112	4
5663	"squartini, t"	1.2404	-0.2672	2	264	890	20
5673	"staikouras, sk"	-1.0845	0.1893	1	71	163	3
5686	"staum, j"	0.525	-0.2156	7	232	672	19
5692	"stein, jc"	-0.4131	0.3228	1	153	253	7
5694	"steinbacher, m"	0.5052	1.0795	6	83	287	6
5697	"stern, gh"	-0.3991	0.1247	1	105	148	5
5706	"stiglitz, j"	0.575	0.8205	6	128	272	6
5707	"stiglitz, je"	0.452	0.203	5	380	1099	25
5709	"stiroh, kj"	-0.8598	0.1736	1	161	539	11
5711	"stock, jh"	-0.1795	-0.0839	1	163	227	6
5729	"straetmans, s"	-0.8202	-0.0802	1	82	148	4
5744	"stulz, rm"	-0.652	-0.0521	1	260	524	17
5746	"stumpf, mph"	1.1951	0.1266	5	65	146	4
5764	"suh, s"	-0.6588	-0.1775	1	103	150	3
5772	"summer, m"	0.9479	0.3139	3	266	646	11
5785	"susmel, r"	-0.9456	-0.1433	1	84	119	4
5788	"suzuki, t"	0.5196	-0.5765	7	94	174	5
5806	"tabak, bm"	0.4401	-0.4274	2	283	648	17
5807	"tahbaz-salehi, a"	0.7993	0.2583	3	113	179	5
5808	"tai, cs"	-1.001	-0.1736	1	109	162	5
5813	"taleb, nn"	1.1606	0.0075	5	121	328	3
5832	"tarashev, n"	-0.2232	-0.399	1	231	429	13
5835	"tarashev, nikola"	0.058	-0.6269	7	78	166	5
5836	"tarski, alfred"	0.7058	0.3084	3	107	202	7
5839	"tasca, p"	0.9316	0.2367	2	202	528	14
5842	"taylor, j"	-0.2515	0.4807	6	117	156	4
5843	"taylor, jb"	0.0182	0.4627	6	150	241	8
5848	"tedeschi, g"	0.7388	0.2257	5	241	644	13
5851	"temizsoy, a"	1.0901	0.2526	5	171	343	8
5864	"teteryatnikova, m"	0.5003	0.0553	5	235	494	10
5886	"thurner, s"	0.9229	0.0628	5	397	1589	36
5889	"tibshirani, r"	-0.4912	-0.5865	1	93	144	5
5898	"tirole, j"	-0.3309	0.5579	4	180	475	12
5903	"tobin, j"	0.4096	1.0157	6	124	375	7
5905	"toivanen, m"	0.5915	0.0279	3	220	508	13
5914	"tonzer, l"	-0.042	0.1016	5	183	311	7
5932	"trapp, m"	-0.373	-0.1855	1	114	209	4
5949	"tse, ck"	0.2791	-0.7669	2	120	198	5
5961	"tumminello, m"	0.3063	-0.7217	2	186	510	13
5966	"turner, a"	0.9821	-0.0273	5	135	214	3
5979	"uhlig, h"	-0.1023	0.718	4	87	152	4
5988	"upper, c"	0.6155	-0.0688	3	734	7409	198
5989	"upper, christian"	-0.3461	-0.1384	1	120	166	4
5990	"ureche-rangau, l"	-0.9511	-0.2421	1	91	139	3
6000	"valimaki, t"	0.7349	0.763	3	51	132	2
6001	"vallascas, f"	-0.9311	0.2192	1	145	340	6
6015	"van lelyveld, i"	0.7744	-0.1232	3	103	195	7
6016	"van lelyveld, iman"	0.5857	0.0251	3	259	591	13
6022	"van rijckehem, c"	-0.9643	-0.0541	1	94	149	4
6034	"vanlelyveld, i"	0.233	0.2435	3	211	470	14
6038	"vasicek, o"	0.1381	-0.3138	7	124	370	11
6063	"veronesi, p"	-0.6189	0.0652	1	135	195	4
6074	"vitali, s"	0.4781	-0.3432	2	249	603	15
6076	"vives, x"	-0.2831	0.585	4	105	225	6
6078	"vivier-lirimont, s"	0.5764	-0.0291	3	200	496	11
6098	"von peter, g"	0.4558	0.0837	3	177	313	8
6105	"vuillemey, g"	0.2349	0.0945	3	172	288	6
6113	"wagner, w"	-0.1173	0.2714	1	512	1801	56
6121	"wall, ld"	-0.7042	0.0371	1	106	149	3
6122	"wallace, n"	-0.2899	0.6973	4	37	114	4
6132	"wang, gj"	-0.0497	-0.7527	2	161	713	21
6158	"watts, dj"	0.7799	-0.2367	2	435	1828	54
6166	"weber, s"	1.178	-0.5494	7	83	231	8
6179	"weiss, gnf"	-0.4685	-0.5199	9	212	523	11
6188	"wells, s"	0.7569	0.1168	3	402	1575	38
6196	"werner, ra"	0.5113	1.0689	6	73	210	4
6207	"wheelock, dc"	-0.8333	-0.006	1	93	141	5
6209	"white, h"	-0.481	-0.2935	1	257	492	12
6210	"white, lj"	-0.5942	0.6289	4	95	155	5
6215	"whittaker, j"	-0.1783	-0.7223	7	57	108	6
6268	"woodford, m"	-0.0646	0.5786	4	77	114	3
6274	"world, bank"	-1.0243	-0.0747	1	66	129	6
6301	"xu, t"	0.5469	-0.2076	2	132	201	6
6310	"yan, xg"	0.3407	-0.8885	2	58	152	2
6314	"yang, j"	-0.9733	-0.1069	1	147	243	5
6317	"yang, r"	0.0315	-0.446	2	99	134	3
6326	"yellen, j"	-0.0522	0.4141	1	140	203	4
6327	"yellen, jl"	0.9787	-0.0003	5	236	518	10
6343	"yu, f"	-0.0389	-0.0998	1	94	136	5
6350	"yuan, k"	-0.714	0.1125	1	102	159	4
6367	"zawadowski, a"	0.007	0.4183	4	261	581	14
6378	"zhang, by"	-0.9732	-0.2111	1	139	202	6
6388	"zhang, x"	0.2833	-0.5578	2	85	139	6
6397	"zhou, c"	0.0989	-0.2875	5	304	834	21
6412	zigrand jean-pierre	0.948	0.0682	5	125	175	2
6418	"zou, h"	-0.4667	-0.6101	1	63	120	4
