dl n = 322 format = edgelist1
labels:
ALEXANDER_HERBERTSSON,WIM_SCHOUTENS,MOHAMED_AZZIM_GULAMHUSSEN,ALESSIO_SARETTO,CHRISTIAN_DE_PERETTI,ANTOINE_GOUJARD,WALID_MENSI,DOOJIN_RYU,J_DAVID_CUMMINS,KARTIK_ANAND,CODY_YULING_HSIAO,WOLF_WAGNER,ANNA_ZALEWSKA,ANNE_M_KEOGH,ALFRED_YT_WONG,THOMAS_W_ARANT,CHAU_H_A_LE,BENJAMIN_M_TABAK,CHIHWEI_WANG,GIULIO_CIMINI,BERND_SCHWAAB,LESLIE_G_CLELAND,PATRICK_W_SULLIVAN,WASIM_AHMAD,GEORGE_HALKOS,MARK_PADDRIK,MARCO_TOLOTTI,JOSEPH_E_STIGLITZ,J_C_HEAM,PANAGIOTIS_DONTISCHARITOS,HOLGER_KRAFT,TINGQIANG_CHEN,ZHONGSHENG_HUA,KEITH_BLACKER,ADRIAN_POP,EERO_TOLO,HAIBIN_ZHU,ALAN_D_MORRISON,JAMES_E_EPPERSON,ADLAR_J_KIM,ANDREAS_A_JOBST,CHRISTOPHE_PERIGNON,QIANG_JI,ELIE_BOURI,DAVIDE_PIRINO,KATE_PERL,JUAN_C_REBOREDO,AVIRAL_KUMAR_TIWARI,PRASANNA_GAI,TREVOR_J_WILLIAMS,SHAWKAT_HAMMOUDEH,O,ADRIAN_MORAR_TRIANDAFIL,FABRIZIO_LILLO,DIRK_G_BAUR,CHRISTIAN_ECKERT,LIBING_FANG,MARCO_D'ERRICO,JANINA_MUEHLNICKEL,ANDREA_ZAGHINI,STEFANO_GURCIULLO,AMELIA_PAIS,FRANCESCO_VALLASCAS,DILRUBA_KARIM,JIAQI_YAN,CHAIPORN_VITHESSONTHI,ALFONSO_NOVALES,CHRISTIAN_BROWNLEES,FRANCIS_IN,CARLOS_LEON,MARTA_GOMEZPUIG,BERNARDINA_ALGIERI,SUJIT_KAPADIA,TUOMAS_A_PELTONEN,JUAN_IGNACIO_PENA,DIDIER_COSSIN,CARMEN_HARTULARI,CLAS_WIHLBORG,STEFANO_BATTISTON,ANGELA_GALUPA,DORRA_HMAIED,CARLOS_PARRALOPEZ,CG_DE_VRIES,DAVID_CRONIN,HAO_ZHOU,ALEJANDRA_MARINOVIC_G,SHIGEYUKI_HAMORI,BAIQI_MIAO,CHIENCHIANG_LEE,DAVID_MURPHY,DEOKJONG_JEONG,TERUYOSHI_KOBAYASHI,SERGIO_RUBENS_STANCATO_DE_SOUZA,DOMENICO_DELLI_GATTI,JOHN_NKWOMA_INEKWE,BURAK_SALTOGLU,ANDREEA_MINCA,ANGELO_BAGLIONI,AYMEN_BEN_REJEB,ELENA_SARTORI,EDOARDO_GAFFEO,ASLI_DEMIRGUCKUNT,ELIZA_WU,ALISTAIR_MILNE,NADER_NAIFAR,DROR_Y_KENETT,HONG_FAN,ANDREY_SARANTSEV,DAVID_ROUBAUD,ALAN_GREENSPAN,GIULIA_IORI,JAMES_PORTER,KEITH_D_MCNEIL,AUSRINE_LAKSTUTIENE,ANJAN_V_THAKOR,STELIOS_BEKIROS,ROBERT_G_WEINTRAUB,XIN_HUANG,JEAN_E_CORDIER,GERMAN_LOPEZESPINOSA,GAIYAN_ZHANG,DAVID_D_YAO,ANDREA_UGOLINI,LEA_PETRELLA,ZONGXIN_QIAN,AMIR_E_KHANDANI,JIANMIN_HE,THIAGO_CHRISTIANO_SILVA,MARTIN_SUMMER,DUC_KHUONG_NGUYEN,F_SCHWEITZER,PILSUN_CHOI,GAZI_SALAH_UDDIN,DIRK_SCHOENMAKER,AARON_TORNELL,GANGJIN_WANG,PAOLO_GIUDICI,ALENKA_KAVKLER,ANA_GONZALEZURTEAGA,RANGAN_GUPTA,A_MONFORT,FARIBORZ_MOSHIRIAN,LIBIN_YANG,SAKER_SABKHA,LOUISE_DRIFFILL,J_DOYNE_FARMER,CHAO_WANG,UMBERTO_CHERUBINI,DENEFA_BOSTANDZIC,ANNELAURE_FOUGERES,JUN_SIK_KIM,APARNA_GUPTA,JULIA_SCHAUMBURG,FRANCESCA_BIAGINI,JOSHUA_D_WOODARD,PASCAL_I_TOMECEK,PATRICK_BOLTON,JUAN_CARLOS_REBOREDO,PAOLA_CERCHIELLO,CHI_XIE,A_SPELTA,CHUNGHUA_SHEN,MATTHEW_RICHARDSON,CHARLES_D_BRUMMITT,JOHN_H_WLODARCZYK,MARTIN_ODENING,PETR_TEPLY,DMITRY_V_VEDENOV,GRAHAM_BIRD,GUILLAUME_VUILLEMEY,HONGHAI_YU,ANASTASIOS_SEPETIS,GIOVANNI_CALICE,JANNES_RAUCH,RAMA_CONT,THILO_MEYERBRANDIS,ABDELKADER_DERBALI,THOMAS_WILLETT,ANIL_V_MISHRA,MAURO_GALLEGATI,XAVIER_FREIXAS,GRZEGORZ_HALAJ,SEBASTIAN_POLEDNA,ZAGHUM_UMAR,ALFRED_LEHAR,PETER_SARLIN,DENIZ_ANGINER,ELENA_CARLETTI,MATTEO_MARSILI,HIPOLIT_TORRO,BARBARA_CASU,KOUSHIK_KAR,XIAOYAN_XU,JAVIER_CALATRAVAREQUENA,YANHONG_SUN,LAURA_BALLESTER,MARTIN_SALDIAS,STEFAN_THURNER,DIMITRIOS_DIMITRIOU,ZACHARY_FEINSTEIN,SIMONE_GIANSANTE,SANDRA_PATERLINI,DAMIR_FILIPOVIC,H_EUGENE_STANLEY,AHMET_SENSOY,ANDREA_CRISTINA_DORR,IRENA_VODENSKA,ANDREAS_ENGERT,SANG_HOON_KANG,A_KALBASKA,WILLIAM_REA,VIRAL_V_ACHARYA,JEFFREY_S_JONES,ALAN_G_MAYPER,ALAN_KIRMAN,BOYANG_SUN,TIMOTHY_J_YEAGER,ALIN_MARIUS_ANDRIES,HEATHER_ULRICH,ANTONIO_RUBIA,FABRIZIO_DURANTE,JEAN_HELWEGE,DINU_BARNEA,SHOUWEI_LI,KHAMIS_HAMED_ALYAHYAEE,WOLFGANG_KARL_HAERDLE,FABIO_CACCIOLI,MASSIMO_GUIDOLIN,GREGOR_N_F_WEISS,BELKACEM_ABDOUS,CUIXIA_JIANG,SYED_JAWAD_HUSSAIN_SHAHZAD,HAMED_AMINI,HUAIQING_WANG,KEVIN_KEASEY,CHRISTIAN_KOZIOL,HELMUT_ELSINGER,CHARLES_LARKIN,CHRISMIN_TANG,NELLIE_LIANG,AMINE_LAHIANI,KHUONG_NGUYEN_DUC,GUIDO_CALDARELLI,MEJRA_FESTIC,CHUANZHE_LIU,ROBERT_ENGLE,ALETHEA_REA,ANDREW_W_LO,HENRY_SCHELLHORN,T_SABRI_OENCUE,HOSSEIN_DASTKHAN,ALVARO_CHAMIZO,ALLAN_D_GRODY,ANASTASSIOS_A_DRAKOS,NICHOLAS_SEYBERT,FRANCISCO_CLIMENT,JEANCYPRIEN_HEAM,E_PHILIP_DAVIS,BARRY_J_BARNETT,LAURA_VALDERRAMA,PAUL_GLASSERMAN,FRANKLIN_ALLEN,AGOSTINO_CAPPONI,BRUCE_GREENWALD,WAYNE_Y_LEE,SAMUEL_L_ELLIS,ANDRE_LUCAS,CHRISTOS_IOANNIDIS,ALBERTO_RUSSO,SHAEN_CORBET,ANDREA_MAZZON,SIMON_WOLFE,ADAMNELU_ALTARSAMUEL,CHRISTOPH_AYMANNS,WENTI_DU,LUC_LAEVEN,MARDI_DUNGEY,DIANE_PIERRET,AHMED_BENSAIDA,SOLANGE_MARIA_GUERRA,AMIRAN_GAFNI,JOHN_GEANAKOPLOS,DUK_HEE_LEE,CHARLES_W_CALOMIRIS,NICOLA_BORRI,HELENA_CHULIA,BENJAMIN_MIRANDA_TABAK,MOGENS_STEFFENSEN,DAVID_MELKUEV,DANIEL_FRICKE,J_LORENZ,ERIC_VAN_WINCOOP,DIMITRIS_KENOURGIOS,AIDA_BARKAUSKAITE,BRYAN_KELLY,VLADIMIR_VOLKOV,ALEXANDER_CHUDIK,C_GOURIEROUX,CHRISTOPHE_HURLIN,GABRIELE_TEDESCHI,BERTRAND_MAILLET,AMANJOT_SINGH,SIMON_SOSVILLARIVERO,KILANI_GHOUDI,PATRICK_MCCONNELL,DONGLEI_DU,JL_GELUK,PAOLO_DAI_PRA,ALAN_S_BLINDER,MAJEED_SIMAAN,KANG_YE,DAYONG_ZHANG,KAY_GIESECKE,JOHN_M_DOOLEY,MOBEEN_UR_REHMAN,ADEL_BOUGHRARA,GINANJAR_DEWANDARU,BOREK_VASICEK,IFTEKHAR_HASAN,IANA_LIADZE,GIUSEPPE_CASTELLACCI,MARTIAL_V_PHELIPPEGUINVARC'H
data:
5 81 0.1835033893585205
81 5 0.1835033893585205
5 144 0.0
144 5 0.0
7 51 0.1428571343421936
51 7 0.1428571343421936
7 205 0.7327387630939484
205 7 0.7327387630939484
7 209 0.3453463315963745
209 7 0.3453463315963745
7 232 0.49290746450424194
232 7 0.49290746450424194
8 151 0.1835033893585205
151 8 0.1835033893585205
10 49 0.0
49 10 0.0
10 73 0.5
73 10 0.5
10 189 0.5
189 10 0.5
12 134 0.5
134 12 0.5
14 22 0.0
22 14 0.0
14 46 0.0
46 14 0.0
14 50 0.0
50 14 0.0
14 113 0.0
113 14 0.0
14 117 0.0
117 14 0.0
14 165 0.0
165 14 0.0
16 23 0.0
23 16 0.0
16 219 0.0
219 16 0.0
16 266 0.0
266 16 0.0
18 205 0.5
205 18 0.5
19 75 0.1835033893585205
75 19 0.1835033893585205
20 243 0.5917516946792603
243 20 0.5917516946792603
21 267 0.2928932309150696
267 21 0.2928932309150696
22 46 0.0
46 22 0.0
22 50 0.0
50 22 0.0
22 113 0.0
113 22 0.0
22 117 0.0
117 22 0.0
22 165 0.0
165 22 0.0
23 219 0.0
219 23 0.0
23 266 0.0
266 23 0.0
24 116 0.7113248705863953
116 24 0.7113248705863953
24 133 0.7418011128902435
133 24 0.7418011128902435
24 179 0.3333333134651184
179 24 0.3333333134651184
25 172 0.0
172 25 0.0
27 100 0.0
100 27 0.0
27 308 0.0
308 27 0.0
28 79 0.1835033893585205
79 28 0.1835033893585205
28 94 0.0
94 28 0.0
28 180 0.4226497411727905
180 28 0.4226497411727905
28 264 0.0
264 28 0.0
29 141 0.0
141 29 0.0
29 298 0.0
298 29 0.0
30 191 0.5917516946792603
191 30 0.5917516946792603
31 288 0.0
288 31 0.0
32 127 0.0
127 32 0.0
33 193 0.0
193 33 0.0
33 195 0.0
195 33 0.0
34 305 0.1835033893585205
305 34 0.1835033893585205
37 85 0.0
85 37 0.0
37 118 0.0
118 37 0.0
39 168 0.0
168 39 0.0
39 259 0.0
259 39 0.0
40 126 0.2928932309150696
126 40 0.2928932309150696
40 248 0.2928932309150696
248 40 0.2928932309150696
42 299 0.1835033893585205
299 42 0.1835033893585205
43 44 0.7113248705863953
44 43 0.7113248705863953
43 48 0.7642977386713028
48 43 0.7642977386713028
43 109 0.7113248705863953
109 43 0.7113248705863953
43 133 0.8174258172512054
133 43 0.8174258172512054
43 140 0.7642977386713028
140 43 0.7642977386713028
43 232 0.8639172315597534
232 43 0.8639172315597534
43 312 0.7113248705863953
312 43 0.7113248705863953
44 109 0.0
109 44 0.0
44 232 0.5285954773426056
232 44 0.5285954773426056
45 54 0.2928932309150696
54 45 0.2928932309150696
46 50 0.0
50 46 0.0
46 113 0.0
113 46 0.0
46 117 0.0
117 46 0.0
46 165 0.0
165 46 0.0
47 123 0.2928932309150696
123 47 0.2928932309150696
48 51 0.6666666567325592
51 48 0.6666666567325592
49 73 0.0
73 49 0.0
49 189 0.5
189 49 0.5
50 113 0.0
113 50 0.0
50 117 0.0
117 50 0.0
50 165 0.0
165 50 0.0
51 116 0.7113248705863953
116 51 0.7113248705863953
51 158 0.5285954773426056
158 51 0.5285954773426056
51 205 0.7327387630939484
205 51 0.7327387630939484
51 209 0.3453463315963745
209 51 0.3453463315963745
51 232 0.6619383096694946
232 51 0.6619383096694946
51 242 0.2928932309150696
242 51 0.2928932309150696
51 315 0.6666666567325592
315 51 0.6666666567325592
57 171 0.0
171 57 0.0
57 216 0.4226497411727905
216 57 0.4226497411727905
57 306 0.4226497411727905
306 57 0.4226497411727905
58 61 0.0
61 58 0.0
58 79 0.3453463315963745
79 58 0.3453463315963745
58 243 0.7642977386713028
243 58 0.7642977386713028
59 229 0.3675444722175598
229 59 0.3675444722175598
61 79 0.3453463315963745
79 61 0.3453463315963745
61 243 0.7642977386713028
243 61 0.7642977386713028
63 235 0.0
235 63 0.0
64 258 0.0
258 64 0.0
64 320 0.0
320 64 0.0
65 88 0.0
88 65 0.0
65 234 0.0
234 65 0.0
65 311 0.0
311 65 0.0
67 252 0.0
252 67 0.0
71 303 0.0
303 71 0.0
76 249 0.0
249 76 0.0
77 80 0.0
80 77 0.0
79 94 0.1835033893585205
94 79 0.1835033893585205
79 180 0.5285954773426056
180 79 0.5285954773426056
79 227 0.8309691548347473
227 79 0.8309691548347473
79 243 0.5370899438858032
243 79 0.5370899438858032
79 264 0.1835033893585205
264 79 0.1835033893585205
81 144 0.1835033893585205
144 81 0.1835033893585205
82 194 0.0
194 82 0.0
83 307 0.0
307 83 0.0
85 118 0.0
118 85 0.0
88 234 0.0
234 88 0.0
88 311 0.0
311 88 0.0
92 164 0.5917516946792603
164 92 0.5917516946792603
93 128 0.6220355331897736
128 93 0.6220355331897736
93 182 0.6666666567325592
182 93 0.6666666567325592
93 280 0.7113248705863953
280 93 0.7113248705863953
93 287 0.4696699380874634
287 93 0.4696699380874634
94 180 0.1835033893585205
180 94 0.1835033893585205
94 264 0.0
264 94 0.0
94 269 0.2928932309150696
269 94 0.2928932309150696
97 175 0.5285954773426056
175 97 0.5285954773426056
97 203 0.4226497411727905
203 97 0.4226497411727905
97 233 0.08712905645370483
233 97 0.08712905645370483
98 148 0.0
148 98 0.0
99 316 0.0
316 99 0.0
100 308 0.0
308 100 0.0
102 187 0.0
187 102 0.0
105 199 0.5917516946792603
199 105 0.5917516946792603
105 293 0.5917516946792603
293 105 0.5917516946792603
106 204 0.0
204 106 0.0
106 207 0.5917516946792603
207 106 0.5917516946792603
109 232 0.5285954773426056
232 109 0.5285954773426056
111 112 0.2928932309150696
112 111 0.2928932309150696
113 117 0.0
117 113 0.0
113 165 0.0
165 113 0.0
114 294 0.0
294 114 0.0
115 212 0.1835033893585205
212 115 0.1835033893585205
116 133 0.5527864098548889
133 116 0.5527864098548889
116 232 0.8333333283662796
232 116 0.8333333283662796
116 242 0.75
242 116 0.75
117 165 0.0
165 117 0.0
119 322 0.0
322 119 0.0
120 220 0.0
220 120 0.0
120 260 0.0
260 120 0.0
122 263 0.5
263 122 0.5
126 248 0.0
248 126 0.0
128 182 0.7113248705863953
182 128 0.7113248705863953
128 280 0.3453463315963745
280 128 0.3453463315963745
128 287 0.0645856261253357
287 128 0.0645856261253357
129 185 0.0
185 129 0.0
129 237 0.0
237 129 0.0
130 241 0.0
241 130 0.0
131 291 0.0
291 131 0.0
133 232 0.8509287983179092
232 133 0.8509287983179092
133 242 0.7763932049274445
242 133 0.7763932049274445
136 160 0.0
160 136 0.0
136 204 0.7113248705863953
204 136 0.7113248705863953
137 159 0.2928932309150696
159 137 0.2928932309150696
138 244 0.0
244 138 0.0
139 191 0.5
191 139 0.5
139 196 0.1835033893585205
196 139 0.1835033893585205
141 298 0.0
298 141 0.0
142 246 0.5917516946792603
246 142 0.5917516946792603
143 211 0.0
211 143 0.0
143 247 0.0
247 143 0.0
146 198 0.7113248705863953
198 146 0.7113248705863953
146 227 0.9994226497365162
227 146 0.9994226497365162
146 274 0.6464466154575348
274 146 0.6464466154575348
146 282 0.5
282 146 0.5
149 229 0.3675444722175598
229 149 0.3675444722175598
150 230 0.0
230 150 0.0
150 304 0.0
304 150 0.0
152 192 0.0
192 152 0.0
152 310 0.0
310 152 0.0
154 176 0.2254033088684082
176 154 0.2254033088684082
154 271 0.1835033893585205
271 154 0.1835033893585205
156 313 0.0
313 156 0.0
158 242 0.3333333134651184
242 158 0.3333333134651184
160 204 0.7113248705863953
204 160 0.7113248705863953
163 212 0.6837722361087799
212 163 0.6837722361087799
168 259 0.0
259 168 0.0
169 178 0.0
178 169 0.0
169 275 0.0
275 169 0.0
171 216 0.4226497411727905
216 171 0.4226497411727905
171 306 0.4226497411727905
306 171 0.4226497411727905
173 268 0.0
268 173 0.0
175 233 0.7418011128902435
233 175 0.7418011128902435
176 271 0.3675444722175598
271 176 0.3675444722175598
178 275 0.0
275 178 0.0
180 264 0.4226497411727905
264 180 0.4226497411727905
180 269 0.4226497411727905
269 180 0.4226497411727905
180 300 0.1835033893585205
300 180 0.1835033893585205
183 198 0.1339746117591858
198 183 0.1339746117591858
184 196 0.6666666567325592
196 184 0.6666666567325592
184 232 0.7418011128902435
232 184 0.7418011128902435
185 237 0.0
237 185 0.0
188 262 0.0
262 188 0.0
190 256 0.0
256 190 0.0
190 286 0.0
286 190 0.0
191 196 0.5917516946792603
196 191 0.5917516946792603
192 310 0.0
310 192 0.0
193 195 0.0
195 193 0.0
196 232 0.7418011128902435
232 196 0.7418011128902435
198 248 0.5917516946792603
248 198 0.5917516946792603
199 293 0.0
293 199 0.0
203 233 0.3675444722175598
233 203 0.3675444722175598
204 207 0.7113248705863953
207 204 0.7113248705863953
211 247 0.0
247 211 0.0
212 250 0.3675444722175598
250 212 0.3675444722175598
213 217 0.0
217 213 0.0
213 265 0.0
265 213 0.0
216 306 0.5
306 216 0.5
217 265 0.0
265 217 0.0
219 266 0.0
266 219 0.0
220 260 0.0
260 220 0.0
225 232 0.6150998175144196
232 225 0.6150998175144196
225 315 0.6666666567325592
315 225 0.6666666567325592
227 243 0.6348516345024109
243 227 0.6348516345024109
230 304 0.0
304 230 0.0
232 315 0.6150998175144196
315 232 0.6150998175144196
234 311 0.0
311 234 0.0
238 270 0.1835033893585205
270 238 0.1835033893585205
242 279 0.7113248705863953
279 242 0.7113248705863953
246 278 0.5917516946792603
278 246 0.5917516946792603
256 286 0.0
286 256 0.0
258 320 0.0
320 258 0.0
277 296 0.3453463315963745
296 277 0.3453463315963745
280 287 0.3876275420188904
287 280 0.3876275420188904
