# 2006 28 0
# 2007 26 1
# 2008 26 2
# 2009 49 3
# 2010 188 4
# 2011 260 5
# 2012 486 6
# 2013 577 7
# 2014 906 8
# 2015 1171 9
# 2016 1421 10
# 2017 1758 11
# 2018 1962 12
# 2019 1743 13
# 2020 26 14
9 0 3
4 1 3
4 2 6
5 2 6
7 3 3
8 3 4
6 4 6
7 4 7
8 4 8
9 4 9
10 4 6
11 4 8
12 4 6
4 5 4
5 5 2
10 5 6
13 6 5
10 7 4
12 8 5
13 8 4
12 9 4
5 10 3
11 11 5
12 11 10
13 11 4
3 12 2
4 13 2
12 14 5
5 15 3
13 16 4
4 17 3
5 17 5
6 17 9
7 17 7
8 17 12
9 17 15
10 17 10
11 17 11
8 18 5
10 18 6
11 18 7
12 18 10
13 18 10
3 19 2
11 20 10
12 20 5
2 21 1
10 22 4
11 22 10
12 22 12
13 22 11
11 23 4
4 24 5
5 24 3
6 24 10
7 24 11
8 24 21
9 24 29
0 25 1
13 26 6
7 27 4
12 28 6
8 29 4
10 29 4
12 29 6
13 29 9
8 30 4
9 30 6
11 30 5
12 30 9
13 30 8
8 31 8
9 31 6
10 31 6
4 32 3
6 33 4
7 33 7
8 33 16
9 33 23
10 33 18
11 33 19
12 33 28
13 33 25
3 34 1
1 35 1
10 36 4
12 37 4
1 38 1
2 39 1
13 40 4
0 41 1
12 42 5
3 43 2
9 44 4
10 45 4
5 46 3
5 47 4
6 47 4
9 48 4
10 48 10
11 48 9
12 48 10
13 48 15
11 49 8
12 49 8
6 50 3
12 51 6
8 52 5
10 52 8
11 52 7
0 53 1
6 54 6
7 54 4
4 55 2
5 56 2
6 56 4
7 56 4
8 56 6
9 56 11
10 56 8
11 56 10
4 57 2
1 58 1
7 59 4
8 59 6
9 59 7
11 59 4
13 59 4
4 60 3
7 60 3
10 60 4
9 61 5
5 62 2
7 62 4
9 62 4
6 63 3
6 64 5
7 64 3
8 64 5
4 65 3
2 66 1
4 67 3
6 68 3
7 69 7
8 69 11
9 69 12
10 69 12
11 69 11
13 70 4
9 71 4
4 72 2
12 73 5
5 74 2
7 74 4
12 75 5
13 75 7
12 76 4
13 76 6
9 77 4
10 77 12
11 77 10
12 77 12
13 77 23
14 77 1
7 78 3
11 78 4
7 79 3
8 80 3
13 81 5
2 82 1
7 83 3
8 83 5
9 83 4
11 83 15
6 84 6
7 84 4
8 84 10
4 85 2
5 86 2
9 87 4
11 87 5
5 88 2
9 89 5
9 90 4
12 90 8
3 91 1
8 92 3
9 92 5
10 92 5
8 93 4
10 93 4
11 93 9
12 93 6
13 93 4
8 94 3
10 94 6
12 94 4
4 95 2
11 96 20
12 96 41
13 96 43
6 97 4
12 98 6
13 98 8
13 99 4
0 100 1
3 101 1
4 102 2
5 102 2
10 102 6
7 103 3
8 103 5
10 104 9
11 104 5
12 104 6
13 104 7
8 105 3
9 105 5
10 105 4
11 105 4
12 105 8
13 105 5
10 106 4
11 106 5
5 107 2
8 107 3
2 108 1
3 108 2
6 109 3
11 110 5
13 110 6
8 111 3
4 112 4
5 112 3
7 113 3
8 113 3
9 114 5
10 115 4
11 115 9
12 115 15
13 115 11
11 116 5
13 116 6
14 116 1
12 117 5
13 118 5
4 119 2
4 120 3
6 120 7
7 120 4
8 120 5
11 121 5
9 122 6
10 122 5
11 122 8
12 122 10
13 122 6
4 123 2
5 123 4
6 123 4
7 123 6
8 123 6
8 124 5
8 125 4
6 126 4
9 127 4
9 128 5
6 129 3
13 130 4
4 131 2
6 131 3
9 132 5
10 132 6
11 132 8
12 132 4
13 132 7
14 132 1
4 133 7
5 133 5
6 133 8
7 133 6
6 134 2
1 135 1
3 136 1
10 137 4
12 137 5
10 138 6
8 139 5
11 139 6
2 140 1
10 141 6
12 141 5
4 142 2
12 143 5
1 144 1
8 145 4
9 145 4
10 145 11
11 145 10
12 145 5
13 145 12
11 146 4
2 147 1
5 148 4
6 148 6
7 148 9
8 148 7
7 149 3
2 150 1
12 151 10
0 152 1
2 153 1
12 154 6
12 155 4
9 156 4
10 156 6
12 156 4
9 157 8
10 157 23
11 157 26
12 157 45
13 157 44
14 157 1
4 158 3
6 158 9
7 158 5
8 158 6
8 159 4
9 159 4
10 159 5
11 159 7
12 159 9
13 159 9
8 160 3
5 161 3
2 162 1
13 163 4
0 164 1
10 165 5
11 165 4
13 165 5
13 166 5
5 167 4
9 167 4
10 167 4
7 168 4
9 169 4
11 170 5
11 171 5
12 172 4
7 173 5
9 173 5
8 174 9
10 174 14
11 174 23
12 174 14
13 174 11
13 175 4
6 176 2
0 177 1
7 178 3
10 178 6
13 178 5
12 179 5
12 180 5
8 181 3
10 181 4
11 181 8
12 181 5
13 182 4
7 183 3
9 184 5
10 184 6
11 184 11
12 184 9
13 184 9
12 185 4
4 186 2
9 187 5
10 187 16
11 187 16
12 187 26
13 187 24
5 188 3
12 189 9
4 190 2
7 190 3
10 191 4
11 191 5
12 191 5
14 191 1
4 192 2
11 193 10
12 193 12
13 193 11
13 194 4
6 195 4
8 195 5
10 195 5
1 196 1
4 197 2
1 198 1
10 199 5
9 200 4
9 201 5
10 201 10
11 201 10
12 201 5
11 202 4
14 202 1
4 203 2
13 204 4
8 205 3
6 206 3
3 207 1
6 208 3
11 209 6
12 209 5
12 210 5
8 211 5
9 211 5
10 211 6
7 212 4
4 213 2
9 214 5
7 215 3
1 216 1
1 217 1
6 218 3
13 219 4
7 220 5
8 220 12
9 220 24
10 220 22
11 220 22
12 220 20
13 220 27
13 221 4
14 222 1
1 223 1
11 224 7
12 224 10
13 224 13
11 225 9
12 225 14
13 225 7
1 226 1
3 226 2
4 227 4
5 227 2
6 227 7
7 228 3
10 229 4
6 230 3
7 231 3
8 231 5
9 231 7
10 231 7
12 231 7
13 231 4
8 232 6
9 232 8
10 232 8
11 232 12
9 233 4
4 234 2
6 235 3
11 236 10
12 236 35
13 236 33
1 237 1
1 238 1
1 239 1
7 240 10
8 240 8
9 240 20
10 240 21
11 240 16
12 240 19
13 240 21
14 240 1
13 241 5
11 242 4
13 243 7
12 244 4
10 245 4
11 245 4
1 246 1
6 247 4
2 248 1
11 249 7
12 249 10
13 249 9
0 250 1
7 251 3
8 251 19
9 251 37
10 251 52
11 251 46
12 251 48
13 251 46
14 251 1
10 252 7
11 252 7
12 252 11
13 252 7
8 253 4
10 253 6
6 254 7
7 254 10
8 254 7
9 254 20
10 254 26
11 254 14
12 254 22
13 254 14
8 255 4
13 256 4
9 257 9
12 257 4
13 257 7
13 258 5
0 259 1
10 260 5
1 261 1
13 262 6
4 263 3
7 263 6
9 263 4
12 264 8
9 265 4
11 265 7
6 266 3
7 266 3
8 266 5
7 267 3
9 268 5
11 268 4
12 268 4
10 269 4
11 269 6
12 269 7
13 269 7
13 270 5
14 270 1
13 271 4
5 272 3
12 273 7
13 273 6
9 274 4
12 275 4
8 276 5
4 277 5
5 277 12
6 277 12
7 277 18
8 277 20
9 277 24
10 277 21
11 277 30
6 278 3
4 279 3
6 279 4
7 279 4
8 279 8
14 280 1
11 281 5
4 282 2
5 282 3
7 282 3
8 282 7
6 283 3
13 284 5
10 285 4
7 286 3
6 287 6
7 287 4
8 287 7
9 287 5
10 287 6
11 287 13
12 287 6
2 288 1
12 289 10
13 289 5
9 290 4
0 291 1
13 292 5
2 293 1
6 294 6
8 294 4
9 294 5
10 294 5
11 294 11
12 294 9
4 295 2
8 296 4
12 297 5
7 298 4
10 298 6
11 298 5
5 299 2
8 300 4
10 300 8
13 300 7
6 301 4
7 301 4
12 302 4
3 303 1
2 304 1
3 304 1
7 305 4
8 305 3
10 305 5
11 305 5
12 305 4
13 305 7
9 306 4
5 307 4
7 307 5
11 308 7
12 308 6
12 309 4
13 309 5
7 310 3
8 311 4
4 312 2
7 313 3
12 314 5
9 315 4
11 315 5
3 316 2
6 317 3
7 318 3
9 318 4
10 318 4
11 318 6
12 318 5
11 319 6
12 319 5
13 319 4
5 320 3
6 320 3
13 321 8
11 322 4
2 323 1
11 324 5
12 324 4
4 325 2
9 326 7
10 326 11
11 326 13
12 326 10
13 326 9
8 327 4
10 327 4
12 327 5
13 327 6
3 328 2
0 329 1
0 330 1
5 331 2
8 332 4
9 332 4
10 332 4
11 332 8
13 332 5
2 333 1
11 334 5
2 335 1
8 336 4
12 337 4
11 338 6
12 338 5
13 338 5
13 339 4
8 340 4
12 340 5
10 341 5
5 342 2
7 342 5
10 342 4
4 343 2
7 344 3
11 345 4
8 346 5
9 346 5
10 346 6
11 346 12
12 346 9
13 346 11
12 347 8
13 347 4
2 348 1
12 349 6
4 350 3
5 350 3
7 350 3
6 351 3
7 351 6
8 351 5
9 351 6
11 351 8
12 351 7
6 352 3
5 353 2
8 353 4
13 354 4
10 355 7
11 355 6
12 355 10
13 355 6
8 356 4
9 356 8
10 356 13
11 356 11
12 356 12
13 356 8
7 357 3
8 358 7
9 358 10
10 358 10
11 358 8
12 358 11
13 358 10
14 358 1
13 359 4
13 360 4
11 361 5
5 362 3
10 362 5
12 363 8
13 363 12
13 364 4
4 365 2
9 365 4
12 366 5
13 366 5
8 367 3
9 368 4
10 368 5
11 368 5
8 369 3
9 369 4
10 369 7
11 369 8
12 369 8
13 369 5
13 370 5
9 371 5
10 371 4
9 372 4
9 373 4
12 374 5
13 374 4
13 375 5
0 376 1
9 377 5
11 377 4
9 378 4
1 379 1
3 379 1
6 380 4
9 381 10
10 381 13
11 381 21
12 381 31
13 381 28
14 381 1
10 382 4
11 382 7
13 382 4
0 383 1
9 384 8
10 384 5
11 384 6
13 384 5
1 385 1
9 386 9
11 386 7
12 386 5
9 387 4
12 387 4
13 387 6
11 388 6
11 389 15
12 389 11
13 389 11
10 390 7
11 390 8
12 390 7
13 390 11
7 391 3
7 392 7
8 392 4
9 392 9
10 392 19
11 392 22
12 392 35
13 392 15
13 393 4
9 394 5
11 394 5
5 395 2
12 396 7
13 396 4
8 397 4
8 398 3
6 399 3
7 399 3
8 399 5
9 399 4
10 400 7
11 400 15
12 400 16
13 400 14
0 401 1
6 402 4
14 403 1
10 404 4
11 404 5
12 404 11
3 405 1
6 406 3
12 407 4
9 408 4
11 408 7
12 408 4
13 408 4
7 409 4
8 409 5
9 409 4
14 410 1
5 411 4
6 411 5
7 411 9
8 411 11
9 411 7
10 411 8
11 411 6
12 411 11
8 412 4
11 413 4
13 413 5
12 414 4
13 414 6
13 415 8
12 416 4
7 417 6
8 417 7
9 417 12
10 417 10
11 417 11
12 417 7
13 417 8
12 418 4
13 418 8
14 418 1
11 419 6
12 420 4
14 421 1
6 422 3
1 423 1
2 424 1
4 425 2
7 426 3
8 426 5
9 427 4
10 427 9
11 427 7
12 427 11
13 427 8
7 428 4
4 429 2
8 430 4
9 430 4
10 430 7
11 430 15
12 430 11
13 430 6
10 431 5
12 431 4
13 431 6
4 432 2
5 432 3
6 432 5
7 432 5
6 433 7
7 433 5
8 433 4
9 433 4
10 433 4
8 434 6
9 434 12
10 434 5
11 434 11
12 434 10
13 434 7
14 435 1
6 436 3
1 437 1
3 438 1
11 439 7
5 440 2
6 440 2
13 441 4
9 442 4
10 442 6
11 442 5
12 442 11
8 443 8
9 443 5
10 443 4
11 443 6
9 444 6
10 444 13
11 444 16
12 444 33
13 444 28
9 445 6
10 445 8
1 446 1
9 447 3
5 448 3
7 448 3
10 449 4
8 450 4
10 451 5
11 451 8
12 451 14
13 451 17
4 452 3
12 453 4
10 454 8
11 454 7
12 454 9
13 454 6
13 455 4
5 456 4
4 457 3
6 458 3
0 459 1
9 460 5
10 460 8
11 460 7
12 460 8
13 460 6
4 461 2
10 462 7
12 462 6
12 463 4
9 464 8
10 464 5
11 464 4
12 464 6
13 464 9
8 465 5
9 465 10
10 465 8
11 465 7
12 465 12
3 466 1
2 467 1
4 467 2
9 468 12
10 468 16
11 468 18
12 468 23
13 468 14
0 469 1
11 470 8
6 471 3
12 472 5
13 472 6
0 473 1
6 474 3
7 474 3
8 474 7
9 474 11
10 474 6
12 475 5
12 476 5
13 477 5
12 478 14
13 478 15
12 479 4
6 480 3
11 480 5
4 481 2
8 482 6
10 482 5
11 482 11
12 482 6
13 482 5
5 483 2
12 484 4
6 485 3
6 486 3
9 487 6
10 487 4
12 488 5
13 488 5
12 489 4
6 490 4
7 490 5
8 490 8
9 490 15
10 490 14
11 490 9
12 490 13
13 490 14
6 491 4
8 492 7
9 492 5
10 492 6
11 492 10
13 492 5
3 493 1
6 494 6
7 494 4
10 494 5
11 494 5
12 494 5
11 495 4
8 496 6
11 496 5
13 496 5
4 497 2
5 498 4
11 498 6
9 499 5
11 499 6
14 500 1
8 501 4
9 501 7
10 501 4
12 501 5
13 501 5
5 502 2
7 503 3
8 503 3
11 503 7
10 504 4
13 505 4
4 506 3
0 507 1
0 508 1
5 509 3
6 509 3
8 509 4
1 510 1
8 511 6
12 512 5
13 512 5
3 513 2
4 513 4
6 513 4
12 514 5
4 515 2
13 516 5
7 517 4
13 517 5
13 518 4
12 519 7
13 519 4
11 520 8
12 521 4
13 521 4
5 522 3
7 523 3
10 523 4
13 524 4
10 525 4
6 526 3
7 526 5
10 527 4
9 528 5
10 528 6
11 528 9
12 528 17
13 528 18
1 529 1
13 530 6
14 531 1
8 532 4
10 533 7
11 533 5
12 533 5
13 533 7
11 534 4
9 535 4
10 535 7
12 535 4
9 536 4
14 537 1
8 538 3
12 538 4
12 539 8
6 540 5
7 540 5
8 540 4
9 540 5
10 540 7
8 541 4
11 541 6
12 541 4
12 542 6
13 542 4
5 543 2
3 544 1
4 545 6
0 546 1
5 547 2
6 547 3
7 548 5
10 548 11
11 548 12
12 548 5
13 548 4
4 549 3
6 549 3
7 549 3
9 550 4
12 551 5
10 552 4
9 553 4
6 554 4
7 554 4
8 554 9
9 554 15
10 554 15
13 555 4
11 556 5
0 557 1
6 558 3
6 559 4
5 560 3
7 561 4
9 561 4
10 561 4
11 561 5
13 561 4
12 562 5
13 562 5
14 562 1
11 563 4
6 564 5
7 564 4
8 564 11
9 564 15
11 565 5
12 565 8
13 565 7
11 566 4
12 566 10
13 566 16
12 567 4
10 568 5
12 569 5
7 570 3
9 571 4
10 571 7
12 571 5
6 572 4
9 572 4
10 572 7
6 573 3
10 573 7
10 574 4
11 574 5
12 574 6
2 575 1
13 576 6
13 577 8
12 578 4
3 579 1
13 580 4
11 581 4
12 581 4
5 582 4
6 582 5
7 582 5
8 582 9
9 582 8
9 583 4
11 583 9
12 583 7
13 583 12
8 584 3
9 584 4
10 584 6
13 584 4
8 585 3
7 586 3
7 587 5
9 587 7
4 588 3
5 588 5
6 588 7
7 588 6
9 588 3
3 589 2
12 590 5
13 591 4
11 592 35
12 592 61
13 592 60
6 593 3
11 594 5
5 595 4
7 595 3
8 595 4
9 595 3
10 595 4
10 596 4
5 597 3
7 597 6
9 597 8
10 597 4
11 597 5
12 597 10
13 597 5
12 598 5
6 599 4
7 599 4
8 599 6
9 599 7
10 599 9
11 599 6
12 599 6
11 600 5
1 601 1
10 602 8
11 602 5
12 602 8
13 602 8
7 603 6
8 603 10
9 603 7
10 603 14
11 603 9
12 603 10
13 603 13
5 604 6
6 604 5
12 605 5
4 606 2
5 607 2
13 608 4
9 609 4
4 610 2
5 610 6
6 610 8
7 610 5
10 611 4
9 612 4
0 613 2
7 614 3
4 615 3
3 616 1
8 617 5
9 617 5
10 617 12
11 617 6
3 618 1
10 619 4
11 619 6
5 620 2
8 620 5
9 620 4
10 620 8
11 620 9
5 621 4
6 621 8
7 621 11
8 621 17
9 621 12
10 621 11
11 621 16
8 622 3
10 623 5
11 623 5
10 624 6
13 624 4
5 625 4
10 626 10
11 626 6
12 626 9
13 626 7
8 627 5
12 627 4
0 628 1
6 629 3
13 630 4
9 631 4
3 632 1
4 632 3
5 632 5
8 633 6
8 634 4
11 634 7
8 635 6
9 635 4
5 636 2
6 637 2
9 637 4
11 637 4
12 637 5
11 638 4
10 639 5
12 639 6
13 639 5
11 640 4
12 641 5
12 642 5
8 643 4
14 644 1
8 645 4
9 646 8
11 646 8
12 646 4
13 646 4
13 647 4
3 648 1
6 649 4
8 650 9
10 650 5
11 650 7
12 650 7
13 650 6
10 651 4
7 652 4
2 653 1
3 653 2
4 653 3
6 653 3
5 654 3
7 655 5
9 656 4
2 657 1
8 658 7
6 659 3
5 660 2
7 660 4
4 661 3
5 661 8
6 661 16
7 661 14
8 661 16
9 661 18
10 661 18
11 661 13
10 662 4
13 663 5
8 664 4
5 665 3
6 665 7
10 666 4
12 667 9
9 668 4
11 668 5
9 669 4
4 670 2
11 671 6
13 671 4
6 672 3
7 673 3
9 673 7
10 673 4
12 673 4
13 673 4
6 674 3
10 675 4
3 676 1
12 677 4
13 677 5
5 678 2
6 678 5
7 678 4
9 678 4
7 679 3
10 680 4
12 680 7
6 681 3
9 681 4
8 682 5
9 682 7
10 682 7
11 682 5
12 682 11
13 682 8
10 683 5
13 683 4
11 684 4
10 685 5
11 685 4
13 685 4
5 686 2
10 687 6
11 687 7
12 687 9
13 687 9
11 688 5
12 688 4
11 689 8
13 689 4
6 690 3
5 691 4
6 691 4
7 691 13
8 691 13
9 691 13
10 691 12
11 691 17
13 692 4
5 693 2
9 694 4
10 695 4
6 696 3
11 697 6
5 698 3
6 698 6
7 698 6
9 699 15
10 699 11
11 699 16
12 699 23
13 699 18
6 700 3
10 701 4
8 702 7
9 702 12
10 702 13
11 702 16
12 702 22
13 702 11
11 703 5
5 704 4
6 704 8
8 704 7
11 705 4
12 705 8
13 706 4
2 707 1
3 708 1
6 709 3
8 709 4
9 709 4
8 710 5
9 710 3
12 710 4
8 711 4
3 712 1
12 713 5
7 714 3
8 714 4
9 714 5
10 714 4
4 715 2
5 715 2
7 715 5
8 715 5
8 716 7
10 716 6
11 716 6
12 716 7
13 716 8
9 717 7
10 717 6
12 717 6
13 717 5
5 718 3
6 718 4
7 718 6
8 718 13
9 718 6
10 718 14
11 718 16
12 718 13
11 719 5
12 720 4
14 720 1
3 721 2
9 722 3
10 722 10
11 722 8
12 722 11
13 722 17
13 723 5
7 724 6
8 724 3
10 724 7
11 725 6
1 726 1
10 727 4
11 727 8
12 727 4
5 728 2
7 728 5
8 728 4
9 728 3
11 728 4
5 729 4
11 729 4
6 730 3
8 730 6
9 730 6
10 730 4
11 730 13
12 730 11
13 730 12
9 731 4
9 732 3
10 733 4
13 734 7
14 734 1
11 735 5
5 736 4
5 737 3
6 737 8
7 737 13
8 737 21
9 737 18
10 737 30
11 737 19
12 737 33
8 738 4
10 738 7
11 738 9
12 738 4
13 738 8
7 739 4
8 739 7
9 739 9
10 739 9
11 739 5
12 739 10
13 739 10
11 740 5
12 740 5
13 740 4
1 741 1
7 742 3
5 743 3
6 743 6
7 743 5
8 743 5
9 743 12
10 744 4
11 744 4
9 745 4
0 746 1
3 747 1
11 748 6
12 748 4
13 748 4
12 749 5
13 749 7
3 750 2
8 751 5
13 752 5
2 753 1
11 754 9
12 754 15
13 754 7
4 755 3
5 755 3
6 755 4
6 756 3
7 756 5
8 756 7
11 756 6
13 756 7
5 757 2
9 758 3
6 759 3
10 759 4
11 759 5
4 760 3
9 760 4
3 761 2
0 762 1
4 763 3
8 764 6
9 764 8
10 764 6
11 764 10
13 764 5
6 765 3
7 766 4
9 766 4
10 766 4
12 766 5
13 766 5
11 767 7
12 767 4
7 768 4
8 768 7
9 768 6
10 768 4
11 768 9
12 768 6
13 768 9
5 769 2
9 770 4
11 770 4
8 771 6
11 771 7
12 771 6
10 772 5
11 772 10
12 772 8
13 772 9
11 773 6
13 773 4
10 774 5
12 774 5
13 774 5
7 775 3
8 775 3
9 775 3
10 775 4
11 775 4
14 776 1
8 777 4
9 777 5
10 777 5
11 777 4
13 777 4
9 778 4
10 778 4
10 779 5
13 779 6
4 780 2
0 781 1
9 782 4
12 782 6
6 783 3
8 783 4
7 784 3
8 784 5
9 785 8
10 785 12
11 785 10
12 785 9
13 785 11
11 786 5
12 786 5
13 786 8
8 787 10
9 787 15
10 787 26
11 787 26
12 787 27
13 787 33
7 788 3
11 789 5
12 789 4
3 790 1
11 791 4
8 792 5
9 792 10
10 792 10
11 792 16
12 792 25
13 792 21
5 793 3
8 794 3
13 795 4
10 796 5
6 797 4
7 797 7
2 798 1
7 799 5
8 799 5
9 799 4
